"","SEQN","OCD150","OCQ180","OCQ210","OCQ670","OCD383"
"1",109266,1,40,NA,1,NA
"2",109267,1,40,NA,1,NA
"3",109268,4,NA,NA,NA,2
"4",109271,4,NA,NA,NA,4
"5",109273,1,28,2,2,NA
"6",109274,4,NA,NA,NA,3
"7",109279,4,NA,NA,NA,2
"8",109282,4,NA,NA,NA,1
"9",109283,4,NA,NA,NA,4
"10",109284,1,38,NA,5,NA
"11",109285,4,NA,NA,NA,7
"12",109286,1,20,2,5,NA
"13",109290,1,60,NA,2,NA
"14",109291,1,8,2,5,NA
"15",109292,4,NA,NA,NA,4
"16",109293,3,NA,NA,NA,NA
"17",109295,1,43,NA,1,NA
"18",109297,1,16,2,1,NA
"19",109298,4,NA,NA,NA,3
"20",109300,1,60,NA,5,NA
"21",109303,2,NA,2,5,NA
"22",109305,1,40,NA,1,NA
"23",109307,1,72,NA,5,NA
"24",109311,1,36,NA,1,NA
"25",109312,1,16,2,5,NA
"26",109313,1,25,2,1,NA
"27",109315,1,28,1,5,NA
"28",109316,4,NA,NA,NA,4
"29",109317,1,30,1,1,NA
"30",109319,1,40,NA,2,NA
"31",109321,2,NA,2,5,NA
"32",109322,1,56,NA,1,NA
"33",109323,1,35,NA,5,NA
"34",109324,4,NA,NA,NA,4
"35",109326,4,NA,NA,NA,1
"36",109327,1,40,NA,1,NA
"37",109330,4,NA,NA,NA,3
"38",109331,1,20,2,1,NA
"39",109332,4,NA,NA,NA,4
"40",109333,1,40,NA,1,NA
"41",109334,1,40,NA,2,NA
"42",109335,4,NA,NA,NA,7
"43",109336,4,NA,NA,NA,4
"44",109337,1,40,NA,2,NA
"45",109340,1,10,2,5,NA
"46",109342,4,NA,NA,NA,7
"47",109343,4,NA,NA,NA,3
"48",109346,3,NA,NA,NA,NA
"49",109348,1,40,NA,1,NA
"50",109349,1,40,NA,1,NA
"51",109350,4,NA,NA,NA,4
"52",109351,4,NA,NA,NA,7
"53",109353,1,70,NA,1,NA
"54",109354,2,NA,1,3,NA
"55",109359,1,40,NA,2,NA
"56",109361,3,NA,NA,NA,NA
"57",109363,2,NA,1,1,NA
"58",109365,1,32,2,5,NA
"59",109367,4,NA,NA,NA,3
"60",109369,4,NA,NA,NA,4
"61",109371,1,40,NA,1,NA
"62",109373,1,30,1,1,NA
"63",109376,1,50,NA,1,NA
"64",109377,1,45,NA,1,NA
"65",109378,1,32,2,5,NA
"66",109379,4,NA,NA,NA,3
"67",109382,4,NA,NA,NA,3
"68",109387,4,NA,NA,NA,7
"69",109389,4,NA,NA,NA,3
"70",109390,1,40,NA,1,NA
"71",109391,4,NA,NA,NA,1
"72",109392,4,NA,NA,NA,3
"73",109393,4,NA,NA,NA,3
"74",109394,4,NA,NA,NA,2
"75",109395,1,60,NA,5,NA
"76",109396,1,40,NA,1,NA
"77",109397,1,40,NA,5,NA
"78",109398,4,NA,NA,NA,2
"79",109401,4,NA,NA,NA,4
"80",109402,4,NA,NA,NA,3
"81",109403,1,45,NA,1,NA
"82",109404,1,25,2,5,NA
"83",109405,4,NA,NA,NA,1
"84",109407,1,56,NA,1,NA
"85",109408,1,17,1,5,NA
"86",109411,1,20,2,3,NA
"87",109413,1,37,NA,1,NA
"88",109414,4,NA,NA,NA,4
"89",109415,1,40,NA,5,NA
"90",109416,4,NA,NA,NA,4
"91",109417,3,NA,NA,NA,NA
"92",109423,1,42,NA,2,NA
"93",109426,1,40,NA,2,NA
"94",109428,4,NA,NA,NA,3
"95",109429,1,20,2,3,NA
"96",109431,1,40,NA,1,NA
"97",109432,1,40,NA,1,NA
"98",109435,4,NA,NA,NA,3
"99",109436,4,NA,NA,NA,3
"100",109437,4,NA,NA,NA,4
"101",109439,1,60,NA,5,NA
"102",109440,4,NA,NA,NA,7
"103",109441,1,15,2,5,NA
"104",109444,3,NA,NA,NA,NA
"105",109447,1,40,NA,5,NA
"106",109450,1,41,NA,5,NA
"107",109451,1,40,NA,1,NA
"108",109454,1,28,2,5,NA
"109",109455,1,40,NA,5,NA
"110",109457,4,NA,NA,NA,3
"111",109458,4,NA,NA,NA,2
"112",109459,4,NA,NA,NA,7
"113",109460,4,NA,NA,NA,3
"114",109464,1,40,NA,3,NA
"115",109465,4,NA,NA,NA,2
"116",109466,1,60,NA,3,NA
"117",109467,1,65,NA,5,NA
"118",109468,4,NA,NA,NA,7
"119",109472,1,8,1,3,NA
"120",109473,4,NA,NA,NA,7
"121",109474,4,NA,NA,NA,3
"122",109478,1,36,NA,1,NA
"123",109479,4,NA,NA,NA,2
"124",109480,1,16,1,3,NA
"125",109481,1,40,NA,3,NA
"126",109482,1,50,NA,1,NA
"127",109483,4,NA,NA,NA,1
"128",109485,1,45,NA,1,NA
"129",109486,1,50,NA,1,NA
"130",109488,1,40,NA,2,NA
"131",109489,4,NA,NA,NA,3
"132",109490,4,NA,NA,NA,3
"133",109495,1,40,NA,1,NA
"134",109496,1,50,NA,1,NA
"135",109497,1,5,2,1,NA
"136",109499,2,NA,2,5,NA
"137",109500,4,NA,NA,NA,3
"138",109501,1,30,1,1,NA
"139",109502,1,30,2,2,NA
"140",109503,4,NA,NA,NA,3
"141",109504,1,40,NA,2,NA
"142",109505,4,NA,NA,NA,4
"143",109507,4,NA,NA,NA,2
"144",109508,1,40,NA,1,NA
"145",109510,1,40,NA,1,NA
"146",109512,1,42,NA,3,NA
"147",109513,1,19,1,5,NA
"148",109518,1,40,NA,2,NA
"149",109519,1,55,NA,5,NA
"150",109520,4,NA,NA,NA,4
"151",109523,4,NA,NA,NA,3
"152",109524,4,NA,NA,NA,2
"153",109525,1,46,NA,5,NA
"154",109526,1,40,NA,3,NA
"155",109527,4,NA,NA,NA,3
"156",109528,4,NA,NA,NA,2
"157",109530,4,NA,NA,NA,1
"158",109531,1,20,1,5,NA
"159",109532,4,NA,NA,NA,3
"160",109534,4,NA,NA,NA,4
"161",109536,1,50,NA,5,NA
"162",109537,1,30,1,2,NA
"163",109538,4,NA,NA,NA,3
"164",109539,4,NA,NA,NA,7
"165",109541,1,43,NA,1,NA
"166",109542,4,NA,NA,NA,2
"167",109544,4,NA,NA,NA,4
"168",109545,4,NA,NA,NA,1
"169",109548,1,40,NA,1,NA
"170",109549,4,NA,NA,NA,2
"171",109550,4,NA,NA,NA,3
"172",109551,4,NA,NA,NA,4
"173",109552,4,NA,NA,NA,3
"174",109554,1,47,NA,5,NA
"175",109555,3,NA,NA,NA,NA
"176",109557,4,NA,NA,NA,2
"177",109558,1,55,NA,5,NA
"178",109560,1,60,NA,3,NA
"179",109561,1,40,NA,1,NA
"180",109562,4,NA,NA,NA,3
"181",109563,1,56,NA,5,NA
"182",109564,4,NA,NA,NA,2
"183",109565,4,NA,NA,NA,3
"184",109567,1,40,NA,1,NA
"185",109568,1,9,1,1,NA
"186",109570,4,NA,NA,NA,3
"187",109571,1,30,2,1,NA
"188",109574,1,63,NA,1,NA
"189",109577,4,NA,NA,NA,3
"190",109578,4,NA,NA,NA,3
"191",109579,4,NA,NA,NA,1
"192",109580,4,NA,NA,NA,2
"193",109581,1,43,NA,2,NA
"194",109585,1,30,2,5,NA
"195",109587,1,30,1,5,NA
"196",109588,4,NA,NA,NA,3
"197",109590,1,53,NA,3,NA
"198",109591,4,NA,NA,NA,3
"199",109592,4,NA,NA,NA,1
"200",109593,1,50,NA,2,NA
"201",109594,4,NA,NA,NA,3
"202",109597,4,NA,NA,NA,3
"203",109598,1,45,NA,3,NA
"204",109600,4,NA,NA,NA,3
"205",109601,1,40,NA,1,NA
"206",109602,3,NA,NA,NA,NA
"207",109606,1,28,2,1,NA
"208",109607,1,40,NA,5,NA
"209",109608,1,40,NA,1,NA
"210",109610,1,60,NA,3,NA
"211",109611,4,NA,NA,NA,4
"212",109612,4,NA,NA,NA,3
"213",109613,4,NA,NA,NA,7
"214",109614,4,NA,NA,NA,3
"215",109615,1,38,NA,1,NA
"216",109617,1,50,NA,3,NA
"217",109620,4,NA,NA,NA,1
"218",109623,2,NA,1,5,NA
"219",109626,4,NA,NA,NA,1
"220",109628,1,40,NA,3,NA
"221",109629,1,45,NA,3,NA
"222",109630,1,50,NA,5,NA
"223",109631,4,NA,NA,NA,3
"224",109632,2,NA,2,5,NA
"225",109634,4,NA,NA,NA,1
"226",109635,1,32,1,5,NA
"227",109637,1,41,NA,5,NA
"228",109638,1,30,1,3,NA
"229",109639,1,35,NA,1,NA
"230",109640,2,NA,1,1,NA
"231",109643,4,NA,NA,NA,3
"232",109644,1,40,NA,3,NA
"233",109645,4,NA,NA,NA,4
"234",109649,1,20,1,5,NA
"235",109650,1,80,NA,5,NA
"236",109652,1,12,1,2,NA
"237",109653,4,NA,NA,NA,3
"238",109654,1,30,2,1,NA
"239",109655,4,NA,NA,NA,7
"240",109656,1,44,NA,3,NA
"241",109657,1,35,NA,1,NA
"242",109661,1,40,NA,1,NA
"243",109662,1,40,NA,3,NA
"244",109664,1,40,NA,5,NA
"245",109665,1,40,NA,3,NA
"246",109666,4,NA,NA,NA,3
"247",109667,1,40,NA,3,NA
"248",109669,4,NA,NA,NA,4
"249",109673,1,48,NA,5,NA
"250",109675,1,40,NA,1,NA
"251",109676,1,80,NA,5,NA
"252",109677,4,NA,NA,NA,3
"253",109678,4,NA,NA,NA,4
"254",109679,1,39,NA,1,NA
"255",109682,3,NA,NA,NA,NA
"256",109683,4,NA,NA,NA,1
"257",109685,1,45,NA,5,NA
"258",109686,1,40,NA,2,NA
"259",109687,4,NA,NA,NA,1
"260",109691,1,23,2,5,NA
"261",109692,1,6,2,5,NA
"262",109693,1,40,NA,5,NA
"263",109696,4,NA,NA,NA,4
"264",109697,1,32,1,1,NA
"265",109698,4,NA,NA,NA,2
"266",109700,1,40,NA,1,NA
"267",109703,1,50,NA,5,NA
"268",109704,1,24,2,3,NA
"269",109705,4,NA,NA,NA,7
"270",109709,1,40,NA,3,NA
"271",109711,1,30,1,3,NA
"272",109712,1,35,NA,1,NA
"273",109713,4,NA,NA,NA,4
"274",109714,1,30,1,5,NA
"275",109716,1,40,NA,1,NA
"276",109721,4,NA,NA,NA,1
"277",109723,1,48,NA,1,NA
"278",109725,1,40,NA,1,NA
"279",109726,1,40,NA,1,NA
"280",109727,1,20,1,5,NA
"281",109728,3,NA,NA,NA,NA
"282",109730,1,40,NA,2,NA
"283",109731,1,37,NA,5,NA
"284",109735,2,NA,1,1,NA
"285",109739,4,NA,NA,NA,3
"286",109740,1,40,NA,3,NA
"287",109742,4,NA,NA,NA,3
"288",109743,4,NA,NA,NA,3
"289",109746,1,62,NA,2,NA
"290",109747,4,NA,NA,NA,3
"291",109750,3,NA,NA,NA,NA
"292",109754,4,NA,NA,NA,7
"293",109755,1,8,2,5,NA
"294",109756,4,NA,NA,NA,3
"295",109757,4,NA,NA,NA,1
"296",109758,1,40,NA,5,NA
"297",109759,1,40,NA,5,NA
"298",109760,1,40,NA,1,NA
"299",109761,1,40,NA,5,NA
"300",109763,4,NA,NA,NA,3
"301",109764,4,NA,NA,NA,3
"302",109765,1,48,NA,5,NA
"303",109767,1,48,NA,1,NA
"304",109768,1,50,NA,5,NA
"305",109769,1,40,NA,1,NA
"306",109770,1,40,NA,5,NA
"307",109771,4,NA,NA,NA,3
"308",109773,4,NA,NA,NA,2
"309",109774,4,NA,NA,NA,3
"310",109776,4,NA,NA,NA,3
"311",109780,4,NA,NA,NA,4
"312",109781,4,NA,NA,NA,2
"313",109782,4,NA,NA,NA,3
"314",109783,4,NA,NA,NA,4
"315",109785,3,NA,NA,NA,NA
"316",109786,1,50,NA,3,NA
"317",109789,4,NA,NA,NA,1
"318",109791,1,40,NA,2,NA
"319",109793,4,NA,NA,NA,3
"320",109794,4,NA,NA,NA,4
"321",109796,4,NA,NA,NA,1
"322",109800,1,40,NA,5,NA
"323",109802,1,30,1,2,NA
"324",109803,4,NA,NA,NA,4
"325",109804,4,NA,NA,NA,2
"326",109805,1,40,NA,1,NA
"327",109806,1,34,2,1,NA
"328",109807,1,30,1,1,NA
"329",109809,4,NA,NA,NA,2
"330",109810,1,15,2,5,NA
"331",109811,1,50,NA,5,NA
"332",109812,1,40,NA,5,NA
"333",109813,1,60,NA,5,NA
"334",109814,1,20,2,5,NA
"335",109815,1,38,NA,1,NA
"336",109816,1,20,2,1,NA
"337",109817,1,30,2,5,NA
"338",109820,1,38,NA,2,NA
"339",109821,1,30,2,2,NA
"340",109822,4,NA,NA,NA,2
"341",109823,4,NA,NA,NA,3
"342",109825,1,40,NA,2,NA
"343",109828,1,40,NA,1,NA
"344",109831,1,50,NA,3,NA
"345",109836,4,NA,NA,NA,4
"346",109837,4,NA,NA,NA,2
"347",109839,4,NA,NA,NA,4
"348",109841,2,NA,1,5,NA
"349",109843,1,78,NA,3,NA
"350",109844,4,NA,NA,NA,4
"351",109845,4,NA,NA,NA,3
"352",109846,4,NA,NA,NA,3
"353",109850,4,NA,NA,NA,1
"354",109852,4,NA,NA,NA,4
"355",109854,1,50,NA,5,NA
"356",109855,4,NA,NA,NA,4
"357",109856,1,54,NA,5,NA
"358",109857,4,NA,NA,NA,3
"359",109860,1,40,NA,1,NA
"360",109862,1,40,NA,5,NA
"361",109863,4,NA,NA,NA,4
"362",109864,1,16,2,2,NA
"363",109865,1,80,NA,3,NA
"364",109866,1,50,NA,1,NA
"365",109867,1,18,2,3,NA
"366",109868,3,NA,NA,NA,NA
"367",109869,4,NA,NA,NA,3
"368",109871,4,NA,NA,NA,7
"369",109872,1,52,NA,5,NA
"370",109873,4,NA,NA,NA,2
"371",109874,1,40,NA,1,NA
"372",109876,4,NA,NA,NA,3
"373",109877,1,40,NA,5,NA
"374",109878,1,40,NA,5,NA
"375",109879,1,45,NA,1,NA
"376",109881,1,40,NA,1,NA
"377",109884,1,25,2,1,NA
"378",109886,4,NA,NA,NA,4
"379",109887,3,NA,NA,NA,NA
"380",109891,4,NA,NA,NA,3
"381",109892,1,40,NA,1,NA
"382",109893,1,38,NA,2,NA
"383",109894,1,35,NA,1,NA
"384",109895,1,35,NA,1,NA
"385",109897,4,NA,NA,NA,3
"386",109898,1,80,NA,5,NA
"387",109900,4,NA,NA,NA,3
"388",109901,4,NA,NA,NA,3
"389",109902,4,NA,NA,NA,3
"390",109903,1,12,1,5,NA
"391",109905,1,42,NA,1,NA
"392",109908,4,NA,NA,NA,3
"393",109909,4,NA,NA,NA,2
"394",109910,3,NA,NA,NA,NA
"395",109912,4,NA,NA,NA,1
"396",109913,1,40,NA,5,NA
"397",109915,4,NA,NA,NA,3
"398",109916,1,47,NA,5,NA
"399",109917,1,40,NA,5,NA
"400",109918,4,NA,NA,NA,3
"401",109919,1,40,NA,5,NA
"402",109921,1,60,NA,5,NA
"403",109922,1,10,2,5,NA
"404",109926,1,60,NA,1,NA
"405",109930,4,NA,NA,NA,4
"406",109931,1,40,NA,1,NA
"407",109932,4,NA,NA,NA,3
"408",109934,4,NA,NA,NA,1
"409",109937,4,NA,NA,NA,4
"410",109938,1,40,NA,1,NA
"411",109939,1,36,NA,2,NA
"412",109940,1,48,NA,3,NA
"413",109941,1,64,NA,5,NA
"414",109942,9,NA,NA,NA,NA
"415",109945,4,NA,NA,NA,7
"416",109946,4,NA,NA,NA,7
"417",109947,4,NA,NA,NA,4
"418",109949,1,70,NA,5,NA
"419",109952,1,40,NA,5,NA
"420",109953,4,NA,NA,NA,7
"421",109957,4,NA,NA,NA,3
"422",109959,4,NA,NA,NA,3
"423",109960,1,50,NA,1,NA
"424",109961,1,40,NA,1,NA
"425",109962,3,NA,NA,NA,NA
"426",109963,3,NA,NA,NA,NA
"427",109966,1,50,NA,1,NA
"428",109968,1,18,1,5,NA
"429",109969,4,NA,NA,NA,4
"430",109971,4,NA,NA,NA,4
"431",109972,1,56,NA,2,NA
"432",109975,1,40,NA,1,NA
"433",109976,1,40,NA,1,NA
"434",109977,4,NA,NA,NA,1
"435",109978,1,35,NA,2,NA
"436",109979,1,40,NA,1,NA
"437",109980,4,NA,NA,NA,2
"438",109981,4,NA,NA,NA,1
"439",109986,4,NA,NA,NA,3
"440",109987,1,99999,1,5,NA
"441",109990,4,NA,NA,NA,4
"442",109991,1,60,NA,1,NA
"443",109992,2,NA,1,1,NA
"444",109994,4,NA,NA,NA,3
"445",109997,1,60,NA,5,NA
"446",109999,2,NA,1,3,NA
"447",110002,3,NA,NA,NA,NA
"448",110003,4,NA,NA,NA,2
"449",110004,1,42,NA,5,NA
"450",110005,4,NA,NA,NA,4
"451",110006,4,NA,NA,NA,3
"452",110007,4,NA,NA,NA,1
"453",110009,4,NA,NA,NA,7
"454",110010,1,45,NA,5,NA
"455",110011,1,40,NA,3,NA
"456",110012,1,43,NA,1,NA
"457",110015,1,60,NA,5,NA
"458",110016,1,60,NA,1,NA
"459",110018,1,33,2,5,NA
"460",110020,4,NA,NA,NA,2
"461",110021,1,38,NA,5,NA
"462",110022,4,NA,NA,NA,2
"463",110023,1,30,2,3,NA
"464",110027,1,37,NA,5,NA
"465",110028,1,8,1,1,NA
"466",110029,1,50,NA,1,NA
"467",110030,4,NA,NA,NA,7
"468",110032,4,NA,NA,NA,3
"469",110033,4,NA,NA,NA,4
"470",110034,1,40,NA,1,NA
"471",110035,2,NA,1,2,NA
"472",110036,1,40,NA,5,NA
"473",110037,4,NA,NA,NA,7
"474",110038,3,NA,NA,NA,NA
"475",110040,1,42,NA,5,NA
"476",110041,1,45,NA,1,NA
"477",110042,4,NA,NA,NA,3
"478",110043,1,60,NA,5,NA
"479",110045,4,NA,NA,NA,4
"480",110050,4,NA,NA,NA,3
"481",110052,1,43,NA,3,NA
"482",110054,1,45,NA,3,NA
"483",110055,4,NA,NA,NA,3
"484",110056,4,NA,NA,NA,3
"485",110057,1,32,1,5,NA
"486",110059,1,45,NA,5,NA
"487",110060,1,40,NA,1,NA
"488",110061,1,25,2,5,NA
"489",110062,4,NA,NA,NA,7
"490",110063,1,6,2,2,NA
"491",110064,4,NA,NA,NA,3
"492",110065,1,80,NA,3,NA
"493",110067,1,40,NA,5,NA
"494",110068,4,NA,NA,NA,3
"495",110070,4,NA,NA,NA,1
"496",110071,1,50,NA,1,NA
"497",110073,4,NA,NA,NA,7
"498",110074,1,40,NA,5,NA
"499",110076,3,NA,NA,NA,NA
"500",110079,1,40,NA,1,NA
"501",110081,4,NA,NA,NA,4
"502",110082,4,NA,NA,NA,3
"503",110083,1,40,NA,3,NA
"504",110085,1,40,NA,5,NA
"505",110087,1,40,NA,5,NA
"506",110088,1,40,NA,5,NA
"507",110089,1,45,NA,1,NA
"508",110090,1,40,NA,3,NA
"509",110091,1,80,NA,5,NA
"510",110092,4,NA,NA,NA,3
"511",110093,1,25,1,5,NA
"512",110096,1,20,2,1,NA
"513",110098,1,48,NA,1,NA
"514",110100,4,NA,NA,NA,4
"515",110102,1,40,NA,2,NA
"516",110103,4,NA,NA,NA,4
"517",110105,1,40,NA,5,NA
"518",110107,4,NA,NA,NA,4
"519",110109,3,NA,NA,NA,NA
"520",110112,1,20,2,5,NA
"521",110114,1,55,NA,5,NA
"522",110116,1,52,NA,5,NA
"523",110117,4,NA,NA,NA,7
"524",110118,1,44,NA,1,NA
"525",110120,4,NA,NA,NA,1
"526",110121,4,NA,NA,NA,1
"527",110123,1,48,NA,1,NA
"528",110124,4,NA,NA,NA,4
"529",110125,1,17,2,5,NA
"530",110127,1,40,NA,3,NA
"531",110128,4,NA,NA,NA,4
"532",110129,4,NA,NA,NA,1
"533",110130,1,40,NA,1,NA
"534",110131,4,NA,NA,NA,3
"535",110134,4,NA,NA,NA,4
"536",110135,1,45,NA,1,NA
"537",110136,1,5,2,1,NA
"538",110137,1,40,NA,1,NA
"539",110139,1,60,NA,1,NA
"540",110142,1,60,NA,5,NA
"541",110144,1,36,NA,5,NA
"542",110146,4,NA,NA,NA,4
"543",110147,4,NA,NA,NA,1
"544",110151,1,40,NA,2,NA
"545",110153,4,NA,NA,NA,3
"546",110155,1,40,NA,1,NA
"547",110157,1,40,NA,3,NA
"548",110159,1,45,NA,1,NA
"549",110161,3,NA,NA,NA,NA
"550",110165,1,35,NA,1,NA
"551",110166,3,NA,NA,NA,NA
"552",110167,4,NA,NA,NA,1
"553",110168,1,40,NA,1,NA
"554",110169,4,NA,NA,NA,2
"555",110171,1,40,NA,3,NA
"556",110172,1,38,NA,3,NA
"557",110173,1,35,NA,1,NA
"558",110174,1,60,NA,3,NA
"559",110175,1,30,1,5,NA
"560",110176,1,40,NA,1,NA
"561",110178,1,35,NA,5,NA
"562",110180,4,NA,NA,NA,3
"563",110182,1,42,NA,5,NA
"564",110184,1,40,NA,1,NA
"565",110185,4,NA,NA,NA,3
"566",110186,1,36,NA,5,NA
"567",110187,3,NA,NA,NA,NA
"568",110188,1,40,NA,1,NA
"569",110190,2,NA,1,2,NA
"570",110191,4,NA,NA,NA,3
"571",110193,1,30,2,5,NA
"572",110194,4,NA,NA,NA,3
"573",110196,1,35,NA,3,NA
"574",110198,1,70,NA,5,NA
"575",110199,4,NA,NA,NA,2
"576",110200,1,40,NA,1,NA
"577",110201,4,NA,NA,NA,7
"578",110204,1,40,NA,5,NA
"579",110206,1,24,2,5,NA
"580",110207,4,NA,NA,NA,1
"581",110208,3,NA,NA,NA,NA
"582",110211,4,NA,NA,NA,1
"583",110213,1,32,2,5,NA
"584",110214,1,56,NA,1,NA
"585",110217,1,55,NA,5,NA
"586",110218,1,40,NA,1,NA
"587",110221,4,NA,NA,NA,3
"588",110222,4,NA,NA,NA,2
"589",110223,2,NA,2,5,NA
"590",110224,3,NA,NA,NA,NA
"591",110225,1,5,2,2,NA
"592",110226,1,40,NA,2,NA
"593",110228,1,60,NA,5,NA
"594",110231,1,50,NA,5,NA
"595",110232,4,NA,NA,NA,4
"596",110234,1,25,2,5,NA
"597",110235,1,35,NA,3,NA
"598",110236,1,30,2,2,NA
"599",110239,1,27,2,2,NA
"600",110240,1,37,NA,1,NA
"601",110241,1,36,NA,2,NA
"602",110242,4,NA,NA,NA,4
"603",110243,4,NA,NA,NA,1
"604",110246,4,NA,NA,NA,3
"605",110247,1,5,2,5,NA
"606",110248,1,20,2,3,NA
"607",110250,1,34,2,2,NA
"608",110251,4,NA,NA,NA,4
"609",110252,1,60,NA,5,NA
"610",110254,4,NA,NA,NA,4
"611",110258,4,NA,NA,NA,3
"612",110264,4,NA,NA,NA,3
"613",110265,1,40,NA,1,NA
"614",110266,4,NA,NA,NA,1
"615",110270,4,NA,NA,NA,4
"616",110272,1,40,NA,1,NA
"617",110273,4,NA,NA,NA,3
"618",110274,4,NA,NA,NA,3
"619",110276,1,36,NA,3,NA
"620",110278,1,40,NA,2,NA
"621",110279,4,NA,NA,NA,3
"622",110286,1,40,NA,5,NA
"623",110287,1,30,2,5,NA
"624",110288,1,40,NA,2,NA
"625",110289,1,40,NA,1,NA
"626",110290,1,30,2,5,NA
"627",110291,1,72,NA,5,NA
"628",110292,4,NA,NA,NA,3
"629",110293,1,24,2,2,NA
"630",110295,4,NA,NA,NA,3
"631",110296,1,70,NA,5,NA
"632",110297,4,NA,NA,NA,2
"633",110300,4,NA,NA,NA,7
"634",110302,1,40,NA,5,NA
"635",110304,4,NA,NA,NA,7
"636",110305,1,40,NA,5,NA
"637",110306,4,NA,NA,NA,7
"638",110307,1,46,NA,1,NA
"639",110308,4,NA,NA,NA,3
"640",110309,3,NA,NA,NA,NA
"641",110310,4,NA,NA,NA,3
"642",110311,4,NA,NA,NA,3
"643",110312,3,NA,NA,NA,NA
"644",110314,1,48,NA,5,NA
"645",110315,3,NA,NA,NA,NA
"646",110317,1,15,2,5,NA
"647",110318,1,40,NA,1,NA
"648",110319,1,40,NA,1,NA
"649",110321,2,NA,1,5,NA
"650",110322,1,40,NA,1,NA
"651",110323,1,36,NA,2,NA
"652",110326,1,40,NA,1,NA
"653",110328,4,NA,NA,NA,3
"654",110329,4,NA,NA,NA,3
"655",110330,4,NA,NA,NA,2
"656",110332,1,48,NA,3,NA
"657",110336,1,37,NA,1,NA
"658",110339,4,NA,NA,NA,3
"659",110341,1,20,1,3,NA
"660",110342,1,60,NA,5,NA
"661",110344,4,NA,NA,NA,3
"662",110347,1,50,NA,2,NA
"663",110350,4,NA,NA,NA,3
"664",110351,4,NA,NA,NA,1
"665",110352,3,NA,NA,NA,NA
"666",110353,4,NA,NA,NA,3
"667",110355,1,9,1,5,NA
"668",110356,1,45,NA,1,NA
"669",110359,1,30,2,1,NA
"670",110366,1,40,NA,1,NA
"671",110367,1,40,NA,3,NA
"672",110368,4,NA,NA,NA,1
"673",110372,4,NA,NA,NA,3
"674",110374,4,NA,NA,NA,7
"675",110376,1,52,NA,1,NA
"676",110377,4,NA,NA,NA,3
"677",110378,4,NA,NA,NA,1
"678",110379,1,28,2,1,NA
"679",110380,3,NA,NA,NA,NA
"680",110381,1,40,NA,5,NA
"681",110382,1,40,NA,3,NA
"682",110384,4,NA,NA,NA,3
"683",110385,1,40,NA,1,NA
"684",110386,4,NA,NA,NA,3
"685",110387,1,45,NA,3,NA
"686",110389,4,NA,NA,NA,3
"687",110390,1,8,2,5,NA
"688",110391,4,NA,NA,NA,1
"689",110394,1,10,1,1,NA
"690",110396,1,50,NA,5,NA
"691",110397,1,30,2,1,NA
"692",110399,1,40,NA,5,NA
"693",110400,1,70,NA,5,NA
"694",110401,4,NA,NA,NA,1
"695",110402,1,48,NA,5,NA
"696",110405,4,NA,NA,NA,4
"697",110406,1,62,NA,2,NA
"698",110408,1,15,2,5,NA
"699",110409,4,NA,NA,NA,4
"700",110410,4,NA,NA,NA,4
"701",110411,4,NA,NA,NA,1
"702",110412,1,30,1,2,NA
"703",110414,1,68,NA,5,NA
"704",110415,1,40,NA,1,NA
"705",110417,4,NA,NA,NA,3
"706",110418,4,NA,NA,NA,7
"707",110419,4,NA,NA,NA,1
"708",110420,4,NA,NA,NA,2
"709",110421,4,NA,NA,NA,3
"710",110422,1,42,NA,5,NA
"711",110425,4,NA,NA,NA,1
"712",110426,1,30,1,5,NA
"713",110427,1,15,2,5,NA
"714",110429,4,NA,NA,NA,3
"715",110430,4,NA,NA,NA,1
"716",110431,1,10,2,5,NA
"717",110432,4,NA,NA,NA,2
"718",110434,1,45,NA,3,NA
"719",110436,1,40,NA,1,NA
"720",110438,1,40,NA,5,NA
"721",110440,4,NA,NA,NA,3
"722",110441,4,NA,NA,NA,3
"723",110442,4,NA,NA,NA,1
"724",110443,4,NA,NA,NA,3
"725",110444,3,NA,NA,NA,NA
"726",110445,1,40,NA,2,NA
"727",110446,1,40,NA,1,NA
"728",110449,1,40,NA,1,NA
"729",110450,1,40,NA,3,NA
"730",110451,4,NA,NA,NA,4
"731",110453,4,NA,NA,NA,3
"732",110454,1,48,NA,2,NA
"733",110457,1,30,1,5,NA
"734",110458,4,NA,NA,NA,3
"735",110460,1,40,NA,5,NA
"736",110461,1,50,NA,5,NA
"737",110463,4,NA,NA,NA,3
"738",110464,1,32,2,1,NA
"739",110465,4,NA,NA,NA,4
"740",110467,4,NA,NA,NA,1
"741",110468,4,NA,NA,NA,3
"742",110470,1,11,2,5,NA
"743",110472,1,40,NA,1,NA
"744",110473,1,48,NA,1,NA
"745",110474,1,40,NA,1,NA
"746",110476,1,20,1,5,NA
"747",110477,1,36,NA,2,NA
"748",110478,4,NA,NA,NA,2
"749",110479,4,NA,NA,NA,3
"750",110482,4,NA,NA,NA,3
"751",110488,4,NA,NA,NA,3
"752",110489,4,NA,NA,NA,3
"753",110490,4,NA,NA,NA,2
"754",110491,4,NA,NA,NA,3
"755",110492,1,56,NA,5,NA
"756",110493,4,NA,NA,NA,1
"757",110494,1,50,NA,3,NA
"758",110495,1,36,NA,1,NA
"759",110496,1,40,NA,1,NA
"760",110497,4,NA,NA,NA,2
"761",110498,1,66,NA,1,NA
"762",110499,1,58,NA,1,NA
"763",110503,1,44,NA,5,NA
"764",110504,4,NA,NA,NA,3
"765",110506,1,38,NA,3,NA
"766",110507,4,NA,NA,NA,1
"767",110508,1,30,2,1,NA
"768",110509,1,40,NA,3,NA
"769",110510,1,50,NA,5,NA
"770",110511,1,40,NA,3,NA
"771",110512,1,45,NA,1,NA
"772",110514,1,30,2,3,NA
"773",110515,4,NA,NA,NA,4
"774",110517,4,NA,NA,NA,2
"775",110518,1,60,NA,1,NA
"776",110520,1,5,2,1,NA
"777",110521,1,10,2,5,NA
"778",110522,1,42,NA,5,NA
"779",110524,4,NA,NA,NA,4
"780",110526,1,45,NA,5,NA
"781",110527,4,NA,NA,NA,4
"782",110528,1,40,NA,1,NA
"783",110529,1,40,NA,5,NA
"784",110530,1,20,1,5,NA
"785",110531,4,NA,NA,NA,3
"786",110532,1,40,NA,3,NA
"787",110534,4,NA,NA,NA,7
"788",110535,1,35,NA,1,NA
"789",110537,2,NA,1,1,NA
"790",110538,4,NA,NA,NA,4
"791",110540,1,40,NA,1,NA
"792",110541,4,NA,NA,NA,2
"793",110542,4,NA,NA,NA,2
"794",110543,1,40,NA,1,NA
"795",110544,1,48,NA,3,NA
"796",110545,1,40,NA,1,NA
"797",110546,1,45,NA,1,NA
"798",110547,1,45,NA,3,NA
"799",110548,1,13,2,3,NA
"800",110550,1,50,NA,1,NA
"801",110551,1,50,NA,1,NA
"802",110552,4,NA,NA,NA,4
"803",110553,1,32,1,2,NA
"804",110554,1,80,NA,5,NA
"805",110555,3,NA,NA,NA,NA
"806",110556,4,NA,NA,NA,3
"807",110557,1,47,NA,1,NA
"808",110558,4,NA,NA,NA,3
"809",110560,1,27,2,5,NA
"810",110565,4,NA,NA,NA,4
"811",110567,1,50,NA,5,NA
"812",110569,1,43,NA,2,NA
"813",110571,1,40,NA,1,NA
"814",110572,4,NA,NA,NA,7
"815",110573,1,55,NA,3,NA
"816",110575,4,NA,NA,NA,3
"817",110576,4,NA,NA,NA,1
"818",110578,1,40,NA,3,NA
"819",110579,4,NA,NA,NA,3
"820",110580,4,NA,NA,NA,3
"821",110581,4,NA,NA,NA,1
"822",110582,1,40,NA,5,NA
"823",110583,4,NA,NA,NA,3
"824",110586,4,NA,NA,NA,3
"825",110588,1,50,NA,5,NA
"826",110589,1,29,2,2,NA
"827",110592,4,NA,NA,NA,3
"828",110593,1,23,1,5,NA
"829",110594,1,50,NA,1,NA
"830",110597,1,35,NA,2,NA
"831",110602,2,NA,1,5,NA
"832",110603,1,50,NA,1,NA
"833",110604,4,NA,NA,NA,7
"834",110606,4,NA,NA,NA,1
"835",110607,4,NA,NA,NA,1
"836",110608,1,40,NA,5,NA
"837",110610,1,40,NA,3,NA
"838",110611,4,NA,NA,NA,3
"839",110612,1,35,NA,3,NA
"840",110613,4,NA,NA,NA,1
"841",110614,1,65,NA,5,NA
"842",110615,4,NA,NA,NA,3
"843",110616,1,10,2,2,NA
"844",110617,4,NA,NA,NA,3
"845",110618,1,40,NA,3,NA
"846",110619,4,NA,NA,NA,3
"847",110621,1,45,NA,1,NA
"848",110622,4,NA,NA,NA,3
"849",110624,1,40,NA,2,NA
"850",110625,4,NA,NA,NA,3
"851",110626,1,18,2,1,NA
"852",110627,1,60,NA,5,NA
"853",110628,4,NA,NA,NA,3
"854",110629,4,NA,NA,NA,3
"855",110631,2,NA,1,1,NA
"856",110636,4,NA,NA,NA,4
"857",110637,2,NA,2,5,NA
"858",110638,4,NA,NA,NA,4
"859",110639,1,45,NA,1,NA
"860",110640,4,NA,NA,NA,4
"861",110642,1,12,2,5,NA
"862",110645,1,48,NA,1,NA
"863",110649,4,NA,NA,NA,2
"864",110650,4,NA,NA,NA,1
"865",110651,1,40,NA,3,NA
"866",110653,1,35,NA,2,NA
"867",110655,1,42,NA,5,NA
"868",110656,4,NA,NA,NA,3
"869",110657,1,30,1,2,NA
"870",110658,1,40,NA,1,NA
"871",110661,1,50,NA,5,NA
"872",110662,4,NA,NA,NA,3
"873",110663,4,NA,NA,NA,4
"874",110664,1,40,NA,1,NA
"875",110665,1,55,NA,2,NA
"876",110669,1,40,NA,1,NA
"877",110672,4,NA,NA,NA,3
"878",110673,4,NA,NA,NA,3
"879",110674,3,NA,NA,NA,NA
"880",110675,4,NA,NA,NA,7
"881",110678,4,NA,NA,NA,1
"882",110681,1,45,NA,5,NA
"883",110682,4,NA,NA,NA,3
"884",110683,1,30,1,5,NA
"885",110684,2,NA,2,5,NA
"886",110686,1,40,NA,1,NA
"887",110687,1,50,NA,1,NA
"888",110688,2,NA,2,5,NA
"889",110690,1,50,NA,5,NA
"890",110691,4,NA,NA,NA,3
"891",110692,1,70,NA,5,NA
"892",110693,3,NA,NA,NA,NA
"893",110694,4,NA,NA,NA,2
"894",110697,4,NA,NA,NA,2
"895",110698,1,50,NA,1,NA
"896",110699,1,5,2,5,NA
"897",110700,1,72,NA,5,NA
"898",110702,1,40,NA,5,NA
"899",110703,4,NA,NA,NA,3
"900",110704,4,NA,NA,NA,4
"901",110705,1,45,NA,5,NA
"902",110706,1,50,NA,5,NA
"903",110708,1,12,2,9,NA
"904",110709,4,NA,NA,NA,3
"905",110710,4,NA,NA,NA,3
"906",110711,1,40,NA,1,NA
"907",110712,1,40,NA,1,NA
"908",110713,1,40,NA,1,NA
"909",110714,4,NA,NA,NA,3
"910",110715,1,50,NA,3,NA
"911",110716,4,NA,NA,NA,1
"912",110717,4,NA,NA,NA,1
"913",110718,1,40,NA,5,NA
"914",110719,3,NA,NA,NA,NA
"915",110720,3,NA,NA,NA,NA
"916",110721,4,NA,NA,NA,3
"917",110722,1,5,1,5,NA
"918",110723,4,NA,NA,NA,3
"919",110724,1,40,NA,1,NA
"920",110726,1,40,NA,3,NA
"921",110727,4,NA,NA,NA,2
"922",110728,1,13,2,5,NA
"923",110729,1,40,NA,1,NA
"924",110730,2,NA,1,5,NA
"925",110736,1,25,2,3,NA
"926",110737,4,NA,NA,NA,3
"927",110738,4,NA,NA,NA,1
"928",110739,4,NA,NA,NA,1
"929",110742,3,NA,NA,NA,NA
"930",110744,4,NA,NA,NA,3
"931",110745,4,NA,NA,NA,2
"932",110747,4,NA,NA,NA,3
"933",110748,1,60,NA,5,NA
"934",110749,4,NA,NA,NA,3
"935",110750,3,NA,NA,NA,NA
"936",110751,4,NA,NA,NA,3
"937",110752,1,40,NA,1,NA
"938",110753,1,40,NA,5,NA
"939",110756,3,NA,NA,NA,NA
"940",110757,4,NA,NA,NA,4
"941",110759,4,NA,NA,NA,4
"942",110760,1,32,1,1,NA
"943",110762,4,NA,NA,NA,3
"944",110763,4,NA,NA,NA,3
"945",110765,4,NA,NA,NA,1
"946",110766,2,NA,2,3,NA
"947",110769,1,7,2,2,NA
"948",110770,4,NA,NA,NA,3
"949",110771,1,45,NA,5,NA
"950",110773,1,25,2,5,NA
"951",110775,1,30,2,1,NA
"952",110776,1,77,NA,5,NA
"953",110777,4,NA,NA,NA,3
"954",110778,4,NA,NA,NA,3
"955",110779,1,15,2,3,NA
"956",110780,1,25,2,3,NA
"957",110781,1,64,NA,5,NA
"958",110782,1,40,NA,1,NA
"959",110784,1,22,2,5,NA
"960",110785,1,48,NA,5,NA
"961",110789,4,NA,NA,NA,1
"962",110791,1,10,2,5,NA
"963",110792,1,38,NA,2,NA
"964",110794,4,NA,NA,NA,7
"965",110795,1,30,1,3,NA
"966",110796,1,42,NA,1,NA
"967",110797,4,NA,NA,NA,3
"968",110798,1,50,NA,5,NA
"969",110799,1,40,NA,2,NA
"970",110800,4,NA,NA,NA,7
"971",110803,4,NA,NA,NA,3
"972",110804,4,NA,NA,NA,3
"973",110805,1,10,1,2,NA
"974",110806,4,NA,NA,NA,4
"975",110807,4,NA,NA,NA,3
"976",110809,4,NA,NA,NA,3
"977",110810,1,20,2,3,NA
"978",110811,4,NA,NA,NA,2
"979",110813,4,NA,NA,NA,3
"980",110814,2,NA,2,5,NA
"981",110816,1,24,1,1,NA
"982",110819,1,45,NA,1,NA
"983",110820,4,NA,NA,NA,3
"984",110821,4,NA,NA,NA,3
"985",110822,4,NA,NA,NA,3
"986",110824,3,NA,NA,NA,NA
"987",110826,4,NA,NA,NA,1
"988",110830,1,20,1,5,NA
"989",110831,4,NA,NA,NA,3
"990",110833,4,NA,NA,NA,3
"991",110834,4,NA,NA,NA,3
"992",110835,1,40,NA,3,NA
"993",110836,1,32,1,1,NA
"994",110837,4,NA,NA,NA,2
"995",110841,1,40,NA,1,NA
"996",110842,1,40,NA,1,NA
"997",110847,1,31,1,5,NA
"998",110848,1,30,2,5,NA
"999",110849,4,NA,NA,NA,3
"1000",110851,1,50,NA,1,NA
"1001",110852,4,NA,NA,NA,4
"1002",110853,1,44,NA,1,NA
"1003",110854,4,NA,NA,NA,7
"1004",110857,1,45,NA,1,NA
"1005",110859,4,NA,NA,NA,3
"1006",110860,1,11,2,2,NA
"1007",110861,4,NA,NA,NA,4
"1008",110862,3,NA,NA,NA,NA
"1009",110865,1,39,NA,2,NA
"1010",110866,4,NA,NA,NA,3
"1011",110867,4,NA,NA,NA,3
"1012",110868,1,63,NA,5,NA
"1013",110870,4,NA,NA,NA,3
"1014",110871,4,NA,NA,NA,2
"1015",110872,1,42,NA,3,NA
"1016",110874,1,60,NA,5,NA
"1017",110875,1,40,NA,1,NA
"1018",110876,1,55,NA,1,NA
"1019",110879,4,NA,NA,NA,4
"1020",110881,3,NA,NA,NA,NA
"1021",110882,4,NA,NA,NA,4
"1022",110884,4,NA,NA,NA,3
"1023",110886,1,60,NA,1,NA
"1024",110887,1,20,2,1,NA
"1025",110888,1,40,NA,1,NA
"1026",110889,4,NA,NA,NA,4
"1027",110890,1,32,2,5,NA
"1028",110891,4,NA,NA,NA,4
"1029",110894,4,NA,NA,NA,4
"1030",110895,4,NA,NA,NA,1
"1031",110897,1,50,NA,5,NA
"1032",110898,4,NA,NA,NA,3
"1033",110899,1,40,NA,1,NA
"1034",110900,4,NA,NA,NA,3
"1035",110902,4,NA,NA,NA,2
"1036",110904,1,70,NA,5,NA
"1037",110905,1,40,NA,1,NA
"1038",110906,1,40,NA,2,NA
"1039",110908,3,NA,NA,NA,NA
"1040",110909,1,40,NA,1,NA
"1041",110910,1,56,NA,5,NA
"1042",110911,1,50,NA,1,NA
"1043",110915,4,NA,NA,NA,3
"1044",110916,1,18,2,1,NA
"1045",110917,1,52,NA,5,NA
"1046",110918,4,NA,NA,NA,3
"1047",110920,4,NA,NA,NA,1
"1048",110921,1,40,NA,1,NA
"1049",110924,4,NA,NA,NA,4
"1050",110925,4,NA,NA,NA,3
"1051",110929,4,NA,NA,NA,3
"1052",110932,1,60,NA,5,NA
"1053",110934,1,38,NA,5,NA
"1054",110935,1,40,NA,5,NA
"1055",110936,4,NA,NA,NA,3
"1056",110939,4,NA,NA,NA,7
"1057",110940,4,NA,NA,NA,1
"1058",110941,1,40,NA,1,NA
"1059",110942,1,17,2,5,NA
"1060",110944,1,7,2,1,NA
"1061",110946,1,20,2,3,NA
"1062",110947,1,40,NA,5,NA
"1063",110948,1,66,NA,5,NA
"1064",110949,1,40,NA,1,NA
"1065",110950,1,42,NA,1,NA
"1066",110952,4,NA,NA,NA,3
"1067",110953,1,40,NA,1,NA
"1068",110954,1,45,NA,5,NA
"1069",110956,4,NA,NA,NA,3
"1070",110957,1,48,NA,5,NA
"1071",110958,1,8,1,3,NA
"1072",110959,4,NA,NA,NA,3
"1073",110960,4,NA,NA,NA,3
"1074",110961,1,60,NA,5,NA
"1075",110964,4,NA,NA,NA,4
"1076",110965,1,40,NA,3,NA
"1077",110966,1,40,NA,1,NA
"1078",110969,4,NA,NA,NA,2
"1079",110970,1,10,1,2,NA
"1080",110971,4,NA,NA,NA,3
"1081",110972,4,NA,NA,NA,2
"1082",110973,4,NA,NA,NA,3
"1083",110975,4,NA,NA,NA,4
"1084",110976,1,55,NA,5,NA
"1085",110977,1,40,NA,3,NA
"1086",110979,1,40,NA,5,NA
"1087",110981,4,NA,NA,NA,1
"1088",110984,1,40,NA,1,NA
"1089",110985,1,40,NA,3,NA
"1090",110986,4,NA,NA,NA,3
"1091",110987,1,40,NA,1,NA
"1092",110988,1,35,NA,5,NA
"1093",110990,1,20,2,5,NA
"1094",110991,4,NA,NA,NA,3
"1095",110993,4,NA,NA,NA,3
"1096",110995,1,16,2,2,NA
"1097",110996,1,6,2,5,NA
"1098",110997,1,45,NA,1,NA
"1099",110998,1,40,NA,1,NA
"1100",110999,4,NA,NA,NA,1
"1101",111000,1,40,NA,3,NA
"1102",111002,4,NA,NA,NA,3
"1103",111003,1,55,NA,1,NA
"1104",111005,1,21,2,5,NA
"1105",111006,4,NA,NA,NA,3
"1106",111007,3,NA,NA,NA,NA
"1107",111008,4,NA,NA,NA,3
"1108",111010,1,21,2,2,NA
"1109",111011,1,25,2,1,NA
"1110",111012,4,NA,NA,NA,3
"1111",111013,1,40,NA,1,NA
"1112",111014,4,NA,NA,NA,1
"1113",111015,4,NA,NA,NA,2
"1114",111016,4,NA,NA,NA,3
"1115",111018,4,NA,NA,NA,3
"1116",111020,1,16,2,2,NA
"1117",111021,4,NA,NA,NA,3
"1118",111023,1,22,2,1,NA
"1119",111025,4,NA,NA,NA,3
"1120",111027,1,40,NA,1,NA
"1121",111030,2,NA,1,1,NA
"1122",111031,1,45,NA,1,NA
"1123",111032,1,28,2,1,NA
"1124",111034,1,48,NA,1,NA
"1125",111036,4,NA,NA,NA,3
"1126",111037,1,40,NA,1,NA
"1127",111039,1,46,NA,2,NA
"1128",111040,1,55,NA,3,NA
"1129",111041,4,NA,NA,NA,2
"1130",111042,4,NA,NA,NA,4
"1131",111043,4,NA,NA,NA,3
"1132",111045,1,70,NA,3,NA
"1133",111046,4,NA,NA,NA,7
"1134",111047,4,NA,NA,NA,3
"1135",111050,1,40,NA,5,NA
"1136",111051,1,7,2,5,NA
"1137",111053,4,NA,NA,NA,4
"1138",111054,1,30,2,3,NA
"1139",111055,4,NA,NA,NA,2
"1140",111056,4,NA,NA,NA,2
"1141",111058,4,NA,NA,NA,1
"1142",111060,1,41,NA,5,NA
"1143",111062,1,32,1,5,NA
"1144",111063,1,30,2,1,NA
"1145",111064,1,60,NA,5,NA
"1146",111065,4,NA,NA,NA,4
"1147",111066,4,NA,NA,NA,2
"1148",111067,4,NA,NA,NA,3
"1149",111068,1,40,NA,5,NA
"1150",111069,1,37,NA,3,NA
"1151",111071,1,50,NA,3,NA
"1152",111073,1,27,2,5,NA
"1153",111075,1,40,NA,3,NA
"1154",111077,4,NA,NA,NA,1
"1155",111078,2,NA,2,5,NA
"1156",111079,4,NA,NA,NA,1
"1157",111081,3,NA,NA,NA,NA
"1158",111082,3,NA,NA,NA,NA
"1159",111083,1,40,NA,5,NA
"1160",111085,1,24,2,5,NA
"1161",111086,1,60,NA,5,NA
"1162",111088,1,40,NA,1,NA
"1163",111089,1,40,NA,1,NA
"1164",111092,4,NA,NA,NA,3
"1165",111094,2,NA,1,3,NA
"1166",111095,4,NA,NA,NA,3
"1167",111096,1,34,1,5,NA
"1168",111097,4,NA,NA,NA,3
"1169",111098,1,52,NA,1,NA
"1170",111102,1,32,2,1,NA
"1171",111105,4,NA,NA,NA,4
"1172",111107,1,45,NA,2,NA
"1173",111109,1,45,NA,3,NA
"1174",111110,1,32,2,1,NA
"1175",111112,1,40,NA,1,NA
"1176",111114,4,NA,NA,NA,4
"1177",111115,4,NA,NA,NA,4
"1178",111117,1,50,NA,5,NA
"1179",111118,2,NA,2,5,NA
"1180",111120,4,NA,NA,NA,4
"1181",111122,1,40,NA,1,NA
"1182",111123,4,NA,NA,NA,3
"1183",111124,1,45,NA,5,NA
"1184",111126,1,40,NA,1,NA
"1185",111129,4,NA,NA,NA,2
"1186",111130,1,72,NA,1,NA
"1187",111131,3,NA,NA,NA,NA
"1188",111133,1,38,NA,1,NA
"1189",111134,1,45,NA,5,NA
"1190",111135,1,60,NA,2,NA
"1191",111136,4,NA,NA,NA,3
"1192",111138,4,NA,NA,NA,4
"1193",111139,1,40,NA,5,NA
"1194",111140,4,NA,NA,NA,4
"1195",111141,4,NA,NA,NA,2
"1196",111143,4,NA,NA,NA,4
"1197",111144,4,NA,NA,NA,3
"1198",111145,1,43,NA,3,NA
"1199",111148,1,35,NA,3,NA
"1200",111149,1,40,NA,1,NA
"1201",111152,1,40,NA,1,NA
"1202",111153,1,40,NA,1,NA
"1203",111154,3,NA,NA,NA,NA
"1204",111155,1,52,NA,5,NA
"1205",111159,4,NA,NA,NA,4
"1206",111160,1,22,2,5,NA
"1207",111161,4,NA,NA,NA,2
"1208",111162,1,12,2,5,NA
"1209",111163,3,NA,NA,NA,NA
"1210",111164,1,32,1,1,NA
"1211",111165,1,40,NA,3,NA
"1212",111166,1,25,2,5,NA
"1213",111167,4,NA,NA,NA,7
"1214",111168,4,NA,NA,NA,1
"1215",111169,1,48,NA,2,NA
"1216",111171,4,NA,NA,NA,4
"1217",111173,1,48,NA,5,NA
"1218",111175,4,NA,NA,NA,7
"1219",111176,1,45,NA,1,NA
"1220",111177,4,NA,NA,NA,3
"1221",111178,4,NA,NA,NA,3
"1222",111181,4,NA,NA,NA,2
"1223",111183,1,42,NA,1,NA
"1224",111184,4,NA,NA,NA,2
"1225",111185,1,40,NA,1,NA
"1226",111188,4,NA,NA,NA,3
"1227",111189,1,20,2,5,NA
"1228",111190,1,50,NA,2,NA
"1229",111191,1,40,NA,1,NA
"1230",111192,1,56,NA,5,NA
"1231",111194,1,56,NA,5,NA
"1232",111196,4,NA,NA,NA,3
"1233",111197,1,50,NA,2,NA
"1234",111198,4,NA,NA,NA,7
"1235",111199,1,40,NA,1,NA
"1236",111201,4,NA,NA,NA,4
"1237",111202,1,55,NA,1,NA
"1238",111203,1,60,NA,5,NA
"1239",111204,1,40,NA,1,NA
"1240",111206,2,NA,1,1,NA
"1241",111207,4,NA,NA,NA,3
"1242",111208,1,40,NA,5,NA
"1243",111209,1,15,2,5,NA
"1244",111210,4,NA,NA,NA,3
"1245",111211,1,70,NA,5,NA
"1246",111212,4,NA,NA,NA,4
"1247",111213,1,50,NA,1,NA
"1248",111215,4,NA,NA,NA,7
"1249",111216,4,NA,NA,NA,3
"1250",111218,4,NA,NA,NA,3
"1251",111219,1,40,NA,5,NA
"1252",111220,2,NA,1,5,NA
"1253",111221,4,NA,NA,NA,3
"1254",111222,4,NA,NA,NA,1
"1255",111224,1,38,NA,2,NA
"1256",111226,4,NA,NA,NA,3
"1257",111228,1,50,NA,5,NA
"1258",111229,4,NA,NA,NA,3
"1259",111231,2,NA,1,1,NA
"1260",111232,1,40,NA,3,NA
"1261",111233,1,40,NA,1,NA
"1262",111234,4,NA,NA,NA,3
"1263",111235,4,NA,NA,NA,1
"1264",111236,4,NA,NA,NA,7
"1265",111238,1,40,NA,1,NA
"1266",111240,1,40,NA,1,NA
"1267",111242,1,20,2,5,NA
"1268",111244,1,28,2,5,NA
"1269",111245,4,NA,NA,NA,3
"1270",111246,4,NA,NA,NA,4
"1271",111247,4,NA,NA,NA,3
"1272",111249,4,NA,NA,NA,2
"1273",111250,4,NA,NA,NA,4
"1274",111253,4,NA,NA,NA,3
"1275",111254,1,45,NA,1,NA
"1276",111255,1,12,2,5,NA
"1277",111256,1,60,NA,1,NA
"1278",111257,4,NA,NA,NA,3
"1279",111262,4,NA,NA,NA,3
"1280",111263,1,60,NA,5,NA
"1281",111265,4,NA,NA,NA,2
"1282",111266,4,NA,NA,NA,3
"1283",111267,4,NA,NA,NA,2
"1284",111268,4,NA,NA,NA,3
"1285",111269,4,NA,NA,NA,2
"1286",111270,4,NA,NA,NA,7
"1287",111271,1,43,NA,1,NA
"1288",111272,4,NA,NA,NA,3
"1289",111274,4,NA,NA,NA,3
"1290",111275,1,60,NA,5,NA
"1291",111277,4,NA,NA,NA,1
"1292",111279,4,NA,NA,NA,1
"1293",111280,4,NA,NA,NA,7
"1294",111281,4,NA,NA,NA,3
"1295",111282,4,NA,NA,NA,4
"1296",111283,1,32,2,5,NA
"1297",111284,1,78,NA,3,NA
"1298",111285,3,NA,NA,NA,NA
"1299",111286,1,50,NA,1,NA
"1300",111287,1,40,NA,2,NA
"1301",111288,1,30,2,5,NA
"1302",111290,4,NA,NA,NA,1
"1303",111291,1,70,NA,3,NA
"1304",111292,4,NA,NA,NA,4
"1305",111294,1,40,NA,1,NA
"1306",111296,1,45,NA,1,NA
"1307",111297,4,NA,NA,NA,3
"1308",111298,4,NA,NA,NA,1
"1309",111299,4,NA,NA,NA,4
"1310",111300,1,5,2,5,NA
"1311",111301,3,NA,NA,NA,NA
"1312",111302,1,20,2,3,NA
"1313",111303,1,40,NA,1,NA
"1314",111304,4,NA,NA,NA,3
"1315",111305,1,77,NA,5,NA
"1316",111306,1,45,NA,1,NA
"1317",111307,1,50,NA,5,NA
"1318",111308,1,35,NA,5,NA
"1319",111309,1,55,NA,5,NA
"1320",111310,4,NA,NA,NA,3
"1321",111311,1,40,NA,5,NA
"1322",111312,4,NA,NA,NA,3
"1323",111314,4,NA,NA,NA,2
"1324",111315,4,NA,NA,NA,4
"1325",111316,1,52,NA,1,NA
"1326",111317,1,48,NA,1,NA
"1327",111318,1,18,1,1,NA
"1328",111319,4,NA,NA,NA,3
"1329",111320,4,NA,NA,NA,4
"1330",111321,1,50,NA,3,NA
"1331",111322,4,NA,NA,NA,3
"1332",111323,1,48,NA,1,NA
"1333",111324,1,30,1,1,NA
"1334",111325,1,50,NA,5,NA
"1335",111326,3,NA,NA,NA,NA
"1336",111328,4,NA,NA,NA,3
"1337",111329,1,40,NA,1,NA
"1338",111330,1,30,2,1,NA
"1339",111332,3,NA,NA,NA,NA
"1340",111333,1,17,2,2,NA
"1341",111335,2,NA,2,2,NA
"1342",111336,4,NA,NA,NA,3
"1343",111337,4,NA,NA,NA,3
"1344",111338,1,40,NA,3,NA
"1345",111343,1,25,2,1,NA
"1346",111345,4,NA,NA,NA,4
"1347",111348,1,48,NA,3,NA
"1348",111350,1,35,NA,1,NA
"1349",111351,4,NA,NA,NA,2
"1350",111352,4,NA,NA,NA,3
"1351",111354,2,NA,1,1,NA
"1352",111355,1,40,NA,3,NA
"1353",111357,4,NA,NA,NA,4
"1354",111358,1,80,NA,5,NA
"1355",111360,1,40,NA,5,NA
"1356",111361,1,40,NA,5,NA
"1357",111363,4,NA,NA,NA,3
"1358",111364,1,40,NA,1,NA
"1359",111365,1,40,NA,5,NA
"1360",111366,1,32,1,5,NA
"1361",111367,4,NA,NA,NA,3
"1362",111369,4,NA,NA,NA,2
"1363",111370,1,38,NA,1,NA
"1364",111372,3,NA,NA,NA,NA
"1365",111375,4,NA,NA,NA,3
"1366",111376,1,77777,1,2,NA
"1367",111377,1,60,NA,5,NA
"1368",111378,1,48,NA,5,NA
"1369",111380,4,NA,NA,NA,3
"1370",111382,4,NA,NA,NA,4
"1371",111385,4,NA,NA,NA,4
"1372",111386,1,10,2,5,NA
"1373",111389,4,NA,NA,NA,4
"1374",111390,4,NA,NA,NA,3
"1375",111391,1,6,2,3,NA
"1376",111394,1,24,2,1,NA
"1377",111395,1,40,NA,2,NA
"1378",111396,1,80,NA,5,NA
"1379",111397,1,48,NA,1,NA
"1380",111399,2,NA,1,1,NA
"1381",111400,1,40,NA,1,NA
"1382",111402,1,40,NA,1,NA
"1383",111403,4,NA,NA,NA,7
"1384",111405,1,46,NA,1,NA
"1385",111408,1,50,NA,1,NA
"1386",111411,1,55,NA,5,NA
"1387",111413,1,40,NA,1,NA
"1388",111416,1,49,NA,1,NA
"1389",111417,4,NA,NA,NA,3
"1390",111418,4,NA,NA,NA,4
"1391",111420,3,NA,NA,NA,NA
"1392",111422,4,NA,NA,NA,3
"1393",111424,1,40,NA,1,NA
"1394",111425,1,45,NA,2,NA
"1395",111426,1,47,NA,3,NA
"1396",111427,1,40,NA,3,NA
"1397",111428,1,40,NA,1,NA
"1398",111429,1,30,2,1,NA
"1399",111430,1,38,NA,1,NA
"1400",111431,1,34,1,3,NA
"1401",111432,1,35,NA,5,NA
"1402",111433,1,50,NA,5,NA
"1403",111434,1,29,2,5,NA
"1404",111436,1,50,NA,5,NA
"1405",111438,1,8,2,5,NA
"1406",111439,4,NA,NA,NA,3
"1407",111440,1,40,NA,5,NA
"1408",111441,4,NA,NA,NA,7
"1409",111442,4,NA,NA,NA,4
"1410",111443,1,40,NA,1,NA
"1411",111444,1,49,NA,5,NA
"1412",111448,1,32,1,3,NA
"1413",111449,4,NA,NA,NA,4
"1414",111452,4,NA,NA,NA,3
"1415",111453,3,NA,NA,NA,NA
"1416",111454,1,24,2,5,NA
"1417",111455,1,48,NA,1,NA
"1418",111456,1,72,NA,3,NA
"1419",111459,4,NA,NA,NA,4
"1420",111460,1,15,1,3,NA
"1421",111461,4,NA,NA,NA,3
"1422",111463,4,NA,NA,NA,4
"1423",111465,3,NA,NA,NA,NA
"1424",111470,1,45,NA,1,NA
"1425",111471,1,40,NA,2,NA
"1426",111476,4,NA,NA,NA,4
"1427",111477,4,NA,NA,NA,2
"1428",111478,3,NA,NA,NA,NA
"1429",111479,1,24,1,5,NA
"1430",111480,4,NA,NA,NA,3
"1431",111482,1,20,2,5,NA
"1432",111486,1,40,NA,1,NA
"1433",111487,4,NA,NA,NA,3
"1434",111488,4,NA,NA,NA,2
"1435",111489,1,75,NA,5,NA
"1436",111490,4,NA,NA,NA,3
"1437",111491,4,NA,NA,NA,4
"1438",111492,4,NA,NA,NA,4
"1439",111493,4,NA,NA,NA,3
"1440",111494,4,NA,NA,NA,4
"1441",111497,1,40,NA,2,NA
"1442",111500,1,33,1,3,NA
"1443",111501,1,45,NA,1,NA
"1444",111502,1,5,2,5,NA
"1445",111503,1,30,2,5,NA
"1446",111504,1,50,NA,5,NA
"1447",111505,1,25,2,3,NA
"1448",111507,1,60,NA,5,NA
"1449",111508,1,40,NA,1,NA
"1450",111509,1,8,2,5,NA
"1451",111510,1,40,NA,1,NA
"1452",111511,1,70,NA,1,NA
"1453",111512,1,36,NA,1,NA
"1454",111513,4,NA,NA,NA,4
"1455",111514,1,46,NA,1,NA
"1456",111516,1,36,NA,5,NA
"1457",111519,4,NA,NA,NA,1
"1458",111520,1,48,NA,1,NA
"1459",111522,2,NA,2,5,NA
"1460",111523,1,10,2,5,NA
"1461",111524,1,40,NA,1,NA
"1462",111525,1,49,NA,5,NA
"1463",111528,1,27,1,1,NA
"1464",111530,4,NA,NA,NA,2
"1465",111533,1,78,NA,5,NA
"1466",111534,1,40,NA,3,NA
"1467",111535,4,NA,NA,NA,7
"1468",111536,1,40,NA,1,NA
"1469",111537,3,NA,NA,NA,NA
"1470",111541,3,NA,NA,NA,NA
"1471",111542,1,45,NA,5,NA
"1472",111543,1,16,2,1,NA
"1473",111544,4,NA,NA,NA,3
"1474",111546,1,48,NA,1,NA
"1475",111548,4,NA,NA,NA,4
"1476",111549,1,16,2,5,NA
"1477",111550,4,NA,NA,NA,3
"1478",111551,1,50,NA,3,NA
"1479",111554,4,NA,NA,NA,3
"1480",111555,1,20,2,1,NA
"1481",111556,1,38,NA,5,NA
"1482",111557,1,5,1,1,NA
"1483",111558,1,24,2,5,NA
"1484",111560,4,NA,NA,NA,3
"1485",111561,1,40,NA,5,NA
"1486",111563,1,51,NA,1,NA
"1487",111564,4,NA,NA,NA,3
"1488",111565,1,24,2,2,NA
"1489",111566,1,35,NA,3,NA
"1490",111569,4,NA,NA,NA,3
"1491",111571,4,NA,NA,NA,3
"1492",111572,1,40,NA,1,NA
"1493",111574,1,40,NA,1,NA
"1494",111575,4,NA,NA,NA,1
"1495",111577,4,NA,NA,NA,4
"1496",111579,4,NA,NA,NA,4
"1497",111582,4,NA,NA,NA,1
"1498",111585,1,40,NA,1,NA
"1499",111586,1,55,NA,3,NA
"1500",111587,1,50,NA,5,NA
"1501",111588,1,40,NA,1,NA
"1502",111589,1,40,NA,2,NA
"1503",111590,4,NA,NA,NA,4
"1504",111593,4,NA,NA,NA,2
"1505",111595,2,NA,1,1,NA
"1506",111596,4,NA,NA,NA,4
"1507",111598,1,30,1,5,NA
"1508",111599,4,NA,NA,NA,4
"1509",111602,4,NA,NA,NA,4
"1510",111604,1,40,NA,2,NA
"1511",111605,1,40,NA,1,NA
"1512",111608,1,99999,2,3,NA
"1513",111609,1,50,NA,1,NA
"1514",111610,4,NA,NA,NA,4
"1515",111613,1,40,NA,1,NA
"1516",111614,1,35,NA,5,NA
"1517",111616,1,40,NA,3,NA
"1518",111617,4,NA,NA,NA,4
"1519",111618,4,NA,NA,NA,4
"1520",111620,4,NA,NA,NA,2
"1521",111621,1,45,NA,5,NA
"1522",111623,3,NA,NA,NA,NA
"1523",111625,4,NA,NA,NA,3
"1524",111627,4,NA,NA,NA,2
"1525",111629,4,NA,NA,NA,4
"1526",111630,4,NA,NA,NA,2
"1527",111631,4,NA,NA,NA,3
"1528",111632,1,60,NA,5,NA
"1529",111633,4,NA,NA,NA,4
"1530",111634,1,70,NA,5,NA
"1531",111635,4,NA,NA,NA,4
"1532",111637,1,40,NA,1,NA
"1533",111638,1,46,NA,3,NA
"1534",111639,4,NA,NA,NA,3
"1535",111640,4,NA,NA,NA,4
"1536",111641,4,NA,NA,NA,3
"1537",111642,4,NA,NA,NA,3
"1538",111643,4,NA,NA,NA,3
"1539",111645,4,NA,NA,NA,1
"1540",111646,3,NA,NA,NA,NA
"1541",111647,1,9,2,5,NA
"1542",111649,4,NA,NA,NA,7
"1543",111650,1,16,2,2,NA
"1544",111651,1,50,NA,1,NA
"1545",111652,1,25,1,1,NA
"1546",111654,1,18,2,2,NA
"1547",111655,4,NA,NA,NA,7
"1548",111656,4,NA,NA,NA,3
"1549",111658,1,50,NA,5,NA
"1550",111659,1,38,NA,2,NA
"1551",111660,4,NA,NA,NA,1
"1552",111663,4,NA,NA,NA,3
"1553",111664,1,48,NA,1,NA
"1554",111665,4,NA,NA,NA,2
"1555",111666,1,80,NA,5,NA
"1556",111667,1,49,NA,3,NA
"1557",111668,1,40,NA,5,NA
"1558",111669,3,NA,NA,NA,NA
"1559",111670,4,NA,NA,NA,1
"1560",111671,3,NA,NA,NA,NA
"1561",111672,4,NA,NA,NA,3
"1562",111673,1,43,NA,3,NA
"1563",111674,4,NA,NA,NA,3
"1564",111675,1,50,NA,5,NA
"1565",111676,4,NA,NA,NA,1
"1566",111677,1,40,NA,5,NA
"1567",111678,4,NA,NA,NA,3
"1568",111679,2,NA,2,5,NA
"1569",111682,1,40,NA,1,NA
"1570",111683,1,20,2,2,NA
"1571",111687,4,NA,NA,NA,1
"1572",111688,1,40,NA,2,NA
"1573",111692,4,NA,NA,NA,1
"1574",111693,1,40,NA,5,NA
"1575",111695,1,40,NA,1,NA
"1576",111698,4,NA,NA,NA,7
"1577",111700,1,40,NA,1,NA
"1578",111701,4,NA,NA,NA,3
"1579",111703,1,40,NA,3,NA
"1580",111704,1,40,NA,1,NA
"1581",111705,1,25,1,3,NA
"1582",111707,4,NA,NA,NA,3
"1583",111708,4,NA,NA,NA,4
"1584",111710,1,28,2,2,NA
"1585",111712,1,20,2,3,NA
"1586",111714,1,47,NA,1,NA
"1587",111716,4,NA,NA,NA,4
"1588",111717,1,40,NA,3,NA
"1589",111719,1,40,NA,5,NA
"1590",111720,4,NA,NA,NA,1
"1591",111722,1,60,NA,5,NA
"1592",111723,4,NA,NA,NA,2
"1593",111724,1,47,NA,1,NA
"1594",111725,4,NA,NA,NA,3
"1595",111726,1,40,NA,1,NA
"1596",111728,4,NA,NA,NA,3
"1597",111729,1,40,NA,1,NA
"1598",111731,1,18,2,1,NA
"1599",111732,1,13,2,5,NA
"1600",111733,1,40,NA,5,NA
"1601",111734,1,5,2,5,NA
"1602",111736,1,60,NA,3,NA
"1603",111737,4,NA,NA,NA,4
"1604",111741,1,30,2,5,NA
"1605",111742,1,40,NA,5,NA
"1606",111744,3,NA,NA,NA,NA
"1607",111745,1,40,NA,1,NA
"1608",111746,3,NA,NA,NA,NA
"1609",111748,4,NA,NA,NA,7
"1610",111749,4,NA,NA,NA,3
"1611",111751,1,32,2,1,NA
"1612",111752,1,50,NA,1,NA
"1613",111753,1,50,NA,5,NA
"1614",111754,1,40,NA,3,NA
"1615",111755,1,10,2,5,NA
"1616",111756,1,7,2,5,NA
"1617",111758,1,50,NA,1,NA
"1618",111759,1,60,NA,1,NA
"1619",111760,4,NA,NA,NA,4
"1620",111762,1,41,NA,1,NA
"1621",111763,4,NA,NA,NA,4
"1622",111765,1,47,NA,5,NA
"1623",111766,1,56,NA,5,NA
"1624",111767,3,NA,NA,NA,NA
"1625",111768,3,NA,NA,NA,NA
"1626",111770,4,NA,NA,NA,3
"1627",111772,4,NA,NA,NA,4
"1628",111773,1,6,2,5,NA
"1629",111774,1,20,2,5,NA
"1630",111776,4,NA,NA,NA,3
"1631",111777,1,80,NA,3,NA
"1632",111778,1,24,2,1,NA
"1633",111779,1,48,NA,5,NA
"1634",111780,4,NA,NA,NA,3
"1635",111781,4,NA,NA,NA,3
"1636",111783,4,NA,NA,NA,3
"1637",111784,1,40,NA,5,NA
"1638",111786,1,16,1,1,NA
"1639",111787,4,NA,NA,NA,4
"1640",111789,1,20,2,5,NA
"1641",111790,4,NA,NA,NA,3
"1642",111791,1,28,1,5,NA
"1643",111792,1,30,2,5,NA
"1644",111794,1,45,NA,3,NA
"1645",111795,1,25,2,5,NA
"1646",111796,1,70,NA,5,NA
"1647",111797,1,40,NA,3,NA
"1648",111798,4,NA,NA,NA,3
"1649",111799,4,NA,NA,NA,3
"1650",111800,1,20,2,5,NA
"1651",111801,1,45,NA,1,NA
"1652",111802,1,37,NA,5,NA
"1653",111803,1,40,NA,2,NA
"1654",111804,1,80,NA,5,NA
"1655",111806,4,NA,NA,NA,3
"1656",111808,4,NA,NA,NA,1
"1657",111809,1,30,1,5,NA
"1658",111810,4,NA,NA,NA,3
"1659",111811,1,50,NA,5,NA
"1660",111814,1,40,NA,1,NA
"1661",111815,2,NA,2,5,NA
"1662",111816,4,NA,NA,NA,3
"1663",111820,1,51,NA,2,NA
"1664",111821,3,NA,NA,NA,NA
"1665",111823,4,NA,NA,NA,3
"1666",111824,4,NA,NA,NA,3
"1667",111825,1,45,NA,1,NA
"1668",111826,4,NA,NA,NA,3
"1669",111827,3,NA,NA,NA,NA
"1670",111828,4,NA,NA,NA,1
"1671",111829,4,NA,NA,NA,4
"1672",111830,1,40,NA,2,NA
"1673",111831,4,NA,NA,NA,3
"1674",111833,4,NA,NA,NA,1
"1675",111834,1,55,NA,5,NA
"1676",111835,1,40,NA,5,NA
"1677",111837,4,NA,NA,NA,2
"1678",111838,1,8,2,5,NA
"1679",111839,1,40,NA,1,NA
"1680",111840,4,NA,NA,NA,3
"1681",111843,1,40,NA,5,NA
"1682",111845,1,20,2,2,NA
"1683",111846,1,29,2,5,NA
"1684",111847,4,NA,NA,NA,3
"1685",111848,4,NA,NA,NA,3
"1686",111849,1,40,NA,1,NA
"1687",111850,1,48,NA,5,NA
"1688",111857,1,33,1,1,NA
"1689",111858,1,40,NA,2,NA
"1690",111859,1,43,NA,1,NA
"1691",111860,4,NA,NA,NA,3
"1692",111862,1,40,NA,2,NA
"1693",111863,1,24,2,1,NA
"1694",111864,3,NA,NA,NA,NA
"1695",111866,4,NA,NA,NA,3
"1696",111868,4,NA,NA,NA,4
"1697",111869,4,NA,NA,NA,7
"1698",111870,1,18,2,3,NA
"1699",111871,4,NA,NA,NA,1
"1700",111872,4,NA,NA,NA,1
"1701",111874,4,NA,NA,NA,4
"1702",111875,1,20,1,5,NA
"1703",111876,4,NA,NA,NA,4
"1704",111878,1,50,NA,5,NA
"1705",111879,4,NA,NA,NA,3
"1706",111882,4,NA,NA,NA,4
"1707",111883,4,NA,NA,NA,3
"1708",111884,1,40,NA,1,NA
"1709",111885,1,26,2,2,NA
"1710",111886,1,45,NA,1,NA
"1711",111887,1,80,NA,5,NA
"1712",111890,4,NA,NA,NA,3
"1713",111893,4,NA,NA,NA,3
"1714",111894,1,30,1,1,NA
"1715",111895,1,40,NA,2,NA
"1716",111896,1,38,NA,1,NA
"1717",111898,4,NA,NA,NA,3
"1718",111900,4,NA,NA,NA,4
"1719",111901,1,55,NA,5,NA
"1720",111903,1,40,NA,3,NA
"1721",111904,1,42,NA,1,NA
"1722",111906,1,40,NA,5,NA
"1723",111907,4,NA,NA,NA,4
"1724",111908,4,NA,NA,NA,3
"1725",111909,4,NA,NA,NA,4
"1726",111911,1,40,NA,1,NA
"1727",111912,4,NA,NA,NA,2
"1728",111913,1,40,NA,5,NA
"1729",111917,1,35,NA,1,NA
"1730",111918,4,NA,NA,NA,4
"1731",111920,4,NA,NA,NA,4
"1732",111921,4,NA,NA,NA,3
"1733",111922,1,40,NA,1,NA
"1734",111923,1,10,2,5,NA
"1735",111924,1,30,9,2,NA
"1736",111925,1,45,NA,1,NA
"1737",111927,1,32,2,1,NA
"1738",111928,1,40,NA,1,NA
"1739",111929,1,40,NA,5,NA
"1740",111930,4,NA,NA,NA,4
"1741",111934,4,NA,NA,NA,1
"1742",111935,1,72,NA,5,NA
"1743",111938,1,55,NA,5,NA
"1744",111939,2,NA,2,5,NA
"1745",111942,1,40,NA,3,NA
"1746",111943,4,NA,NA,NA,3
"1747",111944,1,20,1,1,NA
"1748",111945,4,NA,NA,NA,3
"1749",111946,3,NA,NA,NA,NA
"1750",111947,1,52,NA,1,NA
"1751",111949,4,NA,NA,NA,3
"1752",111950,1,40,NA,3,NA
"1753",111951,4,NA,NA,NA,2
"1754",111952,4,NA,NA,NA,2
"1755",111953,4,NA,NA,NA,2
"1756",111955,4,NA,NA,NA,2
"1757",111956,4,NA,NA,NA,4
"1758",111958,4,NA,NA,NA,4
"1759",111960,4,NA,NA,NA,1
"1760",111963,1,30,1,1,NA
"1761",111966,1,45,NA,1,NA
"1762",111967,1,40,NA,2,NA
"1763",111968,4,NA,NA,NA,3
"1764",111970,4,NA,NA,NA,1
"1765",111971,1,40,NA,1,NA
"1766",111972,4,NA,NA,NA,1
"1767",111973,4,NA,NA,NA,1
"1768",111974,1,40,NA,2,NA
"1769",111975,1,61,NA,1,NA
"1770",111977,4,NA,NA,NA,3
"1771",111979,1,30,1,3,NA
"1772",111980,1,41,NA,1,NA
"1773",111981,4,NA,NA,NA,1
"1774",111982,1,40,NA,1,NA
"1775",111983,4,NA,NA,NA,4
"1776",111984,4,NA,NA,NA,1
"1777",111985,1,20,2,1,NA
"1778",111986,1,40,NA,1,NA
"1779",111990,4,NA,NA,NA,3
"1780",111991,1,44,NA,1,NA
"1781",111993,1,40,NA,2,NA
"1782",111994,1,40,NA,1,NA
"1783",111995,2,NA,1,5,NA
"1784",111997,4,NA,NA,NA,3
"1785",111999,1,30,1,1,NA
"1786",112001,4,NA,NA,NA,3
"1787",112002,4,NA,NA,NA,1
"1788",112004,4,NA,NA,NA,7
"1789",112005,4,NA,NA,NA,3
"1790",112008,4,NA,NA,NA,3
"1791",112010,1,55,NA,3,NA
"1792",112011,1,60,NA,5,NA
"1793",112012,4,NA,NA,NA,7
"1794",112014,4,NA,NA,NA,4
"1795",112015,4,NA,NA,NA,3
"1796",112016,1,40,NA,1,NA
"1797",112018,3,NA,NA,NA,NA
"1798",112019,4,NA,NA,NA,3
"1799",112020,1,35,NA,5,NA
"1800",112021,1,50,NA,1,NA
"1801",112022,4,NA,NA,NA,3
"1802",112023,1,40,NA,2,NA
"1803",112025,1,50,NA,1,NA
"1804",112027,4,NA,NA,NA,2
"1805",112028,1,54,NA,3,NA
"1806",112030,4,NA,NA,NA,3
"1807",112031,4,NA,NA,NA,2
"1808",112033,4,NA,NA,NA,2
"1809",112034,1,48,NA,5,NA
"1810",112037,1,60,NA,1,NA
"1811",112038,1,40,NA,2,NA
"1812",112040,1,60,NA,2,NA
"1813",112041,4,NA,NA,NA,4
"1814",112044,1,60,NA,5,NA
"1815",112045,4,NA,NA,NA,4
"1816",112047,1,40,NA,1,NA
"1817",112050,4,NA,NA,NA,1
"1818",112052,4,NA,NA,NA,4
"1819",112053,4,NA,NA,NA,3
"1820",112054,4,NA,NA,NA,3
"1821",112055,1,16,2,1,NA
"1822",112058,1,15,2,5,NA
"1823",112059,4,NA,NA,NA,1
"1824",112060,4,NA,NA,NA,7
"1825",112063,1,44,NA,1,NA
"1826",112065,1,42,NA,1,NA
"1827",112067,4,NA,NA,NA,3
"1828",112071,4,NA,NA,NA,1
"1829",112072,1,40,NA,1,NA
"1830",112073,1,40,NA,1,NA
"1831",112074,1,40,NA,1,NA
"1832",112077,4,NA,NA,NA,1
"1833",112078,1,52,NA,1,NA
"1834",112079,4,NA,NA,NA,3
"1835",112080,2,NA,2,5,NA
"1836",112081,4,NA,NA,NA,3
"1837",112084,1,40,NA,5,NA
"1838",112085,4,NA,NA,NA,2
"1839",112086,1,48,NA,1,NA
"1840",112088,1,43,NA,1,NA
"1841",112089,1,48,NA,1,NA
"1842",112090,4,NA,NA,NA,4
"1843",112092,1,40,NA,5,NA
"1844",112095,9,NA,NA,NA,NA
"1845",112097,1,77777,1,5,NA
"1846",112098,1,22,1,3,NA
"1847",112099,4,NA,NA,NA,3
"1848",112100,1,45,NA,3,NA
"1849",112102,1,50,NA,5,NA
"1850",112103,1,54,NA,5,NA
"1851",112104,1,32,1,2,NA
"1852",112105,2,NA,2,1,NA
"1853",112106,1,36,NA,1,NA
"1854",112108,1,12,2,1,NA
"1855",112109,1,40,NA,1,NA
"1856",112110,1,45,NA,1,NA
"1857",112113,4,NA,NA,NA,3
"1858",112115,1,36,NA,1,NA
"1859",112116,1,60,NA,5,NA
"1860",112117,4,NA,NA,NA,3
"1861",112118,4,NA,NA,NA,4
"1862",112120,1,16,2,5,NA
"1863",112122,1,28,2,5,NA
"1864",112123,4,NA,NA,NA,3
"1865",112124,1,38,NA,3,NA
"1866",112125,1,25,2,5,NA
"1867",112126,4,NA,NA,NA,3
"1868",112127,1,64,NA,1,NA
"1869",112128,4,NA,NA,NA,3
"1870",112131,1,45,NA,5,NA
"1871",112132,1,60,NA,5,NA
"1872",112134,4,NA,NA,NA,3
"1873",112135,1,35,NA,1,NA
"1874",112136,1,40,NA,1,NA
"1875",112137,4,NA,NA,NA,4
"1876",112138,4,NA,NA,NA,3
"1877",112139,1,40,NA,1,NA
"1878",112142,4,NA,NA,NA,4
"1879",112145,1,30,1,1,NA
"1880",112146,2,NA,1,1,NA
"1881",112148,1,42,NA,1,NA
"1882",112149,1,40,NA,1,NA
"1883",112154,4,NA,NA,NA,4
"1884",112156,1,32,1,2,NA
"1885",112158,1,50,NA,5,NA
"1886",112159,3,NA,NA,NA,NA
"1887",112161,1,40,NA,5,NA
"1888",112164,1,48,NA,1,NA
"1889",112165,4,NA,NA,NA,2
"1890",112168,1,50,NA,5,NA
"1891",112169,4,NA,NA,NA,3
"1892",112170,1,50,NA,1,NA
"1893",112171,4,NA,NA,NA,4
"1894",112172,3,NA,NA,NA,NA
"1895",112173,3,NA,NA,NA,NA
"1896",112174,4,NA,NA,NA,3
"1897",112176,4,NA,NA,NA,3
"1898",112177,1,60,NA,5,NA
"1899",112178,1,40,NA,1,NA
"1900",112180,4,NA,NA,NA,3
"1901",112182,1,55,NA,5,NA
"1902",112183,1,49,NA,5,NA
"1903",112184,1,50,NA,1,NA
"1904",112186,1,40,NA,3,NA
"1905",112187,1,60,NA,5,NA
"1906",112190,4,NA,NA,NA,1
"1907",112191,1,50,NA,5,NA
"1908",112192,4,NA,NA,NA,4
"1909",112193,4,NA,NA,NA,4
"1910",112194,4,NA,NA,NA,7
"1911",112195,4,NA,NA,NA,4
"1912",112198,4,NA,NA,NA,4
"1913",112200,1,16,2,3,NA
"1914",112201,1,45,NA,1,NA
"1915",112203,4,NA,NA,NA,2
"1916",112205,1,40,NA,3,NA
"1917",112206,1,17,2,3,NA
"1918",112207,1,40,NA,3,NA
"1919",112208,1,40,NA,3,NA
"1920",112209,1,40,NA,1,NA
"1921",112210,1,50,NA,5,NA
"1922",112211,1,15,2,5,NA
"1923",112212,4,NA,NA,NA,3
"1924",112213,1,20,2,5,NA
"1925",112215,4,NA,NA,NA,4
"1926",112218,1,40,NA,2,NA
"1927",112219,1,40,NA,1,NA
"1928",112221,1,40,NA,1,NA
"1929",112222,1,40,NA,1,NA
"1930",112223,1,15,2,5,NA
"1931",112226,1,30,1,5,NA
"1932",112228,1,24,1,1,NA
"1933",112230,4,NA,NA,NA,3
"1934",112231,3,NA,NA,NA,NA
"1935",112233,1,40,NA,1,NA
"1936",112234,4,NA,NA,NA,3
"1937",112235,3,NA,NA,NA,NA
"1938",112236,4,NA,NA,NA,1
"1939",112237,4,NA,NA,NA,3
"1940",112238,1,23,1,3,NA
"1941",112239,1,36,NA,3,NA
"1942",112240,4,NA,NA,NA,7
"1943",112241,1,32,1,1,NA
"1944",112242,1,60,NA,3,NA
"1945",112243,4,NA,NA,NA,3
"1946",112244,4,NA,NA,NA,4
"1947",112248,1,30,2,2,NA
"1948",112250,4,NA,NA,NA,4
"1949",112251,1,40,NA,3,NA
"1950",112252,1,66,NA,5,NA
"1951",112253,3,NA,NA,NA,NA
"1952",112254,4,NA,NA,NA,7
"1953",112256,1,40,NA,1,NA
"1954",112260,1,40,NA,2,NA
"1955",112265,1,40,NA,3,NA
"1956",112268,4,NA,NA,NA,3
"1957",112269,4,NA,NA,NA,3
"1958",112270,4,NA,NA,NA,4
"1959",112271,4,NA,NA,NA,1
"1960",112273,4,NA,NA,NA,2
"1961",112275,1,35,NA,5,NA
"1962",112276,1,16,2,5,NA
"1963",112277,1,40,NA,5,NA
"1964",112280,3,NA,NA,NA,NA
"1965",112281,4,NA,NA,NA,3
"1966",112282,1,40,NA,2,NA
"1967",112284,1,41,NA,1,NA
"1968",112285,1,30,2,5,NA
"1969",112287,4,NA,NA,NA,4
"1970",112288,4,NA,NA,NA,7
"1971",112289,1,47,NA,5,NA
"1972",112291,2,NA,1,5,NA
"1973",112292,4,NA,NA,NA,99
"1974",112294,1,50,NA,1,NA
"1975",112295,1,32,2,1,NA
"1976",112296,1,40,NA,1,NA
"1977",112299,1,20,2,3,NA
"1978",112300,4,NA,NA,NA,3
"1979",112303,1,56,NA,5,NA
"1980",112305,4,NA,NA,NA,3
"1981",112306,1,40,NA,3,NA
"1982",112307,4,NA,NA,NA,2
"1983",112308,1,50,NA,1,NA
"1984",112309,1,35,NA,1,NA
"1985",112310,4,NA,NA,NA,3
"1986",112312,1,25,2,5,NA
"1987",112313,1,60,NA,2,NA
"1988",112314,1,40,NA,5,NA
"1989",112315,4,NA,NA,NA,4
"1990",112316,1,35,NA,1,NA
"1991",112317,4,NA,NA,NA,3
"1992",112319,1,40,NA,5,NA
"1993",112320,4,NA,NA,NA,4
"1994",112321,1,48,NA,5,NA
"1995",112322,3,NA,NA,NA,NA
"1996",112327,1,48,NA,5,NA
"1997",112328,1,45,NA,1,NA
"1998",112329,1,40,NA,1,NA
"1999",112330,3,NA,NA,NA,NA
"2000",112331,1,40,NA,1,NA
"2001",112332,1,60,NA,5,NA
"2002",112333,1,45,NA,1,NA
"2003",112335,4,NA,NA,NA,1
"2004",112337,4,NA,NA,NA,2
"2005",112340,4,NA,NA,NA,1
"2006",112341,3,NA,NA,NA,NA
"2007",112342,1,45,NA,5,NA
"2008",112344,4,NA,NA,NA,1
"2009",112345,4,NA,NA,NA,4
"2010",112346,4,NA,NA,NA,2
"2011",112347,2,NA,1,5,NA
"2012",112349,4,NA,NA,NA,3
"2013",112350,4,NA,NA,NA,4
"2014",112354,1,45,NA,1,NA
"2015",112355,1,40,NA,5,NA
"2016",112356,1,38,NA,5,NA
"2017",112357,1,40,NA,1,NA
"2018",112358,1,40,NA,5,NA
"2019",112359,4,NA,NA,NA,4
"2020",112360,1,40,NA,5,NA
"2021",112361,1,40,NA,3,NA
"2022",112362,1,21,2,5,NA
"2023",112363,1,40,NA,1,NA
"2024",112365,3,NA,NA,NA,NA
"2025",112368,1,40,NA,1,NA
"2026",112370,1,35,NA,5,NA
"2027",112371,1,44,NA,5,NA
"2028",112375,1,50,NA,5,NA
"2029",112377,4,NA,NA,NA,2
"2030",112380,1,50,NA,5,NA
"2031",112382,3,NA,NA,NA,NA
"2032",112383,4,NA,NA,NA,1
"2033",112384,3,NA,NA,NA,NA
"2034",112385,2,NA,2,5,NA
"2035",112386,1,42,NA,2,NA
"2036",112387,1,50,NA,3,NA
"2037",112388,1,30,2,5,NA
"2038",112389,1,50,NA,1,NA
"2039",112391,4,NA,NA,NA,7
"2040",112394,2,NA,2,1,NA
"2041",112397,4,NA,NA,NA,2
"2042",112399,4,NA,NA,NA,3
"2043",112400,1,40,NA,1,NA
"2044",112401,1,45,NA,3,NA
"2045",112402,4,NA,NA,NA,3
"2046",112403,1,48,NA,5,NA
"2047",112404,4,NA,NA,NA,3
"2048",112406,1,38,NA,1,NA
"2049",112407,1,25,1,1,NA
"2050",112408,1,40,NA,1,NA
"2051",112409,4,NA,NA,NA,7
"2052",112410,1,18,2,3,NA
"2053",112412,3,NA,NA,NA,NA
"2054",112414,4,NA,NA,NA,3
"2055",112415,4,NA,NA,NA,1
"2056",112416,4,NA,NA,NA,3
"2057",112419,1,60,NA,5,NA
"2058",112420,3,NA,NA,NA,NA
"2059",112421,4,NA,NA,NA,3
"2060",112422,4,NA,NA,NA,3
"2061",112426,4,NA,NA,NA,3
"2062",112427,4,NA,NA,NA,7
"2063",112429,1,10,2,5,NA
"2064",112431,3,NA,NA,NA,NA
"2065",112432,1,50,NA,3,NA
"2066",112433,1,40,NA,3,NA
"2067",112434,1,15,2,5,NA
"2068",112435,4,NA,NA,NA,3
"2069",112436,1,50,NA,1,NA
"2070",112437,4,NA,NA,NA,3
"2071",112438,2,NA,1,1,NA
"2072",112440,4,NA,NA,NA,3
"2073",112442,1,40,NA,5,NA
"2074",112444,4,NA,NA,NA,1
"2075",112446,1,40,NA,5,NA
"2076",112448,4,NA,NA,NA,3
"2077",112450,1,19,2,5,NA
"2078",112451,1,75,NA,5,NA
"2079",112452,4,NA,NA,NA,3
"2080",112454,1,5,2,1,NA
"2081",112456,1,70,NA,5,NA
"2082",112459,1,36,NA,2,NA
"2083",112460,4,NA,NA,NA,1
"2084",112462,1,64,NA,5,NA
"2085",112464,4,NA,NA,NA,3
"2086",112465,4,NA,NA,NA,4
"2087",112466,1,34,1,5,NA
"2088",112467,4,NA,NA,NA,3
"2089",112468,1,40,NA,1,NA
"2090",112469,1,39,NA,1,NA
"2091",112471,4,NA,NA,NA,3
"2092",112474,1,40,NA,3,NA
"2093",112475,1,20,2,1,NA
"2094",112477,1,20,1,3,NA
"2095",112479,1,22,2,2,NA
"2096",112480,1,51,NA,5,NA
"2097",112482,4,NA,NA,NA,4
"2098",112483,1,20,2,5,NA
"2099",112486,4,NA,NA,NA,3
"2100",112488,4,NA,NA,NA,3
"2101",112492,4,NA,NA,NA,4
"2102",112494,4,NA,NA,NA,4
"2103",112497,1,30,2,5,NA
"2104",112498,1,20,2,5,NA
"2105",112499,1,46,NA,5,NA
"2106",112501,4,NA,NA,NA,4
"2107",112503,4,NA,NA,NA,3
"2108",112504,3,NA,NA,NA,NA
"2109",112505,4,NA,NA,NA,3
"2110",112506,1,33,1,2,NA
"2111",112508,1,40,NA,3,NA
"2112",112509,1,52,NA,2,NA
"2113",112510,4,NA,NA,NA,3
"2114",112511,1,30,1,5,NA
"2115",112512,4,NA,NA,NA,3
"2116",112513,4,NA,NA,NA,4
"2117",112514,4,NA,NA,NA,1
"2118",112515,4,NA,NA,NA,3
"2119",112516,1,34,2,5,NA
"2120",112517,4,NA,NA,NA,3
"2121",112520,1,40,NA,1,NA
"2122",112523,1,30,1,1,NA
"2123",112524,1,40,NA,1,NA
"2124",112525,4,NA,NA,NA,4
"2125",112526,3,NA,NA,NA,NA
"2126",112529,1,38,NA,5,NA
"2127",112530,4,NA,NA,NA,3
"2128",112531,1,10,2,1,NA
"2129",112532,1,20,2,5,NA
"2130",112534,4,NA,NA,NA,4
"2131",112535,1,40,NA,1,NA
"2132",112538,2,NA,1,1,NA
"2133",112540,1,37,NA,1,NA
"2134",112542,4,NA,NA,NA,4
"2135",112543,1,32,2,2,NA
"2136",112544,1,50,NA,5,NA
"2137",112545,1,45,NA,2,NA
"2138",112546,2,NA,2,5,NA
"2139",112547,1,35,NA,1,NA
"2140",112548,4,NA,NA,NA,3
"2141",112550,1,25,1,5,NA
"2142",112551,1,35,NA,1,NA
"2143",112552,4,NA,NA,NA,3
"2144",112553,1,36,NA,2,NA
"2145",112556,1,60,NA,5,NA
"2146",112558,3,NA,NA,NA,NA
"2147",112560,4,NA,NA,NA,3
"2148",112562,1,60,NA,5,NA
"2149",112563,1,38,NA,5,NA
"2150",112565,1,40,NA,1,NA
"2151",112566,1,30,2,1,NA
"2152",112567,4,NA,NA,NA,3
"2153",112568,1,40,NA,1,NA
"2154",112569,1,25,2,5,NA
"2155",112571,1,40,NA,1,NA
"2156",112574,1,58,NA,3,NA
"2157",112576,4,NA,NA,NA,1
"2158",112578,1,40,NA,1,NA
"2159",112579,1,40,NA,1,NA
"2160",112580,4,NA,NA,NA,4
"2161",112581,4,NA,NA,NA,4
"2162",112582,1,25,2,3,NA
"2163",112583,1,60,NA,1,NA
"2164",112584,4,NA,NA,NA,3
"2165",112585,4,NA,NA,NA,3
"2166",112586,1,20,2,5,NA
"2167",112587,1,20,2,2,NA
"2168",112589,4,NA,NA,NA,3
"2169",112590,1,40,NA,2,NA
"2170",112592,4,NA,NA,NA,3
"2171",112593,1,80,NA,5,NA
"2172",112594,1,40,NA,1,NA
"2173",112596,4,NA,NA,NA,3
"2174",112599,1,12,2,5,NA
"2175",112600,1,47,NA,5,NA
"2176",112604,4,NA,NA,NA,3
"2177",112605,4,NA,NA,NA,7
"2178",112606,1,40,NA,3,NA
"2179",112607,1,40,NA,1,NA
"2180",112608,1,50,NA,1,NA
"2181",112609,1,40,NA,1,NA
"2182",112610,1,40,NA,1,NA
"2183",112612,1,60,NA,3,NA
"2184",112617,1,60,NA,1,NA
"2185",112619,4,NA,NA,NA,1
"2186",112620,4,NA,NA,NA,1
"2187",112621,4,NA,NA,NA,3
"2188",112622,1,55,NA,2,NA
"2189",112625,4,NA,NA,NA,2
"2190",112627,1,35,NA,1,NA
"2191",112629,1,45,NA,1,NA
"2192",112630,1,20,1,5,NA
"2193",112631,1,55,NA,1,NA
"2194",112632,1,60,NA,5,NA
"2195",112633,3,NA,NA,NA,NA
"2196",112634,1,40,NA,5,NA
"2197",112637,1,40,NA,3,NA
"2198",112639,4,NA,NA,NA,3
"2199",112642,4,NA,NA,NA,3
"2200",112643,1,40,NA,1,NA
"2201",112644,4,NA,NA,NA,3
"2202",112645,4,NA,NA,NA,4
"2203",112646,4,NA,NA,NA,3
"2204",112648,1,36,NA,5,NA
"2205",112649,4,NA,NA,NA,2
"2206",112650,1,40,NA,1,NA
"2207",112659,1,40,NA,1,NA
"2208",112660,1,20,2,2,NA
"2209",112661,1,40,NA,5,NA
"2210",112664,1,30,2,5,NA
"2211",112665,1,32,2,3,NA
"2212",112666,4,NA,NA,NA,1
"2213",112667,1,24,1,3,NA
"2214",112670,4,NA,NA,NA,3
"2215",112672,1,12,2,5,NA
"2216",112673,1,50,NA,2,NA
"2217",112675,1,43,NA,1,NA
"2218",112676,1,45,NA,3,NA
"2219",112677,1,42,NA,2,NA
"2220",112680,3,NA,NA,NA,NA
"2221",112681,4,NA,NA,NA,4
"2222",112682,4,NA,NA,NA,3
"2223",112683,1,40,NA,2,NA
"2224",112684,1,40,NA,2,NA
"2225",112685,1,60,NA,3,NA
"2226",112687,4,NA,NA,NA,4
"2227",112692,4,NA,NA,NA,4
"2228",112693,2,NA,2,5,NA
"2229",112694,1,16,2,1,NA
"2230",112697,1,35,NA,1,NA
"2231",112699,4,NA,NA,NA,3
"2232",112700,1,24,1,5,NA
"2233",112701,3,NA,NA,NA,NA
"2234",112702,1,36,NA,5,NA
"2235",112703,4,NA,NA,NA,4
"2236",112704,4,NA,NA,NA,3
"2237",112706,4,NA,NA,NA,1
"2238",112707,1,40,NA,3,NA
"2239",112709,4,NA,NA,NA,2
"2240",112710,4,NA,NA,NA,3
"2241",112711,4,NA,NA,NA,3
"2242",112712,1,34,2,5,NA
"2243",112713,4,NA,NA,NA,3
"2244",112714,1,36,NA,2,NA
"2245",112716,4,NA,NA,NA,4
"2246",112718,1,30,2,1,NA
"2247",112719,4,NA,NA,NA,3
"2248",112720,1,44,NA,5,NA
"2249",112724,1,12,2,2,NA
"2250",112725,1,40,NA,2,NA
"2251",112726,4,NA,NA,NA,4
"2252",112729,1,40,NA,1,NA
"2253",112731,4,NA,NA,NA,3
"2254",112732,1,80,NA,5,NA
"2255",112733,1,38,NA,1,NA
"2256",112734,1,5,2,5,NA
"2257",112736,1,40,NA,2,NA
"2258",112738,4,NA,NA,NA,3
"2259",112739,1,40,NA,1,NA
"2260",112740,1,37,NA,1,NA
"2261",112744,1,45,NA,1,NA
"2262",112745,3,NA,NA,NA,NA
"2263",112747,1,40,NA,2,NA
"2264",112749,1,60,NA,5,NA
"2265",112751,1,30,2,5,NA
"2266",112752,1,40,NA,5,NA
"2267",112754,1,20,2,2,NA
"2268",112760,1,40,NA,5,NA
"2269",112764,1,20,2,5,NA
"2270",112765,1,45,NA,1,NA
"2271",112767,1,40,NA,1,NA
"2272",112769,1,45,NA,1,NA
"2273",112770,1,20,2,5,NA
"2274",112772,3,NA,NA,NA,NA
"2275",112773,1,45,NA,5,NA
"2276",112775,4,NA,NA,NA,3
"2277",112777,1,40,NA,5,NA
"2278",112781,4,NA,NA,NA,3
"2279",112782,1,40,NA,5,NA
"2280",112783,1,40,NA,3,NA
"2281",112784,4,NA,NA,NA,7
"2282",112786,4,NA,NA,NA,3
"2283",112787,1,42,NA,5,NA
"2284",112788,1,21,2,5,NA
"2285",112789,1,40,NA,1,NA
"2286",112790,1,60,NA,5,NA
"2287",112792,1,65,NA,1,NA
"2288",112793,1,40,NA,5,NA
"2289",112797,1,40,NA,2,NA
"2290",112798,1,40,NA,1,NA
"2291",112799,1,54,NA,1,NA
"2292",112800,1,35,NA,2,NA
"2293",112802,1,28,2,2,NA
"2294",112803,1,30,2,5,NA
"2295",112805,4,NA,NA,NA,3
"2296",112808,4,NA,NA,NA,3
"2297",112810,1,58,NA,1,NA
"2298",112815,1,45,NA,1,NA
"2299",112816,4,NA,NA,NA,1
"2300",112817,1,70,NA,3,NA
"2301",112818,1,50,NA,5,NA
"2302",112820,1,60,NA,5,NA
"2303",112823,4,NA,NA,NA,3
"2304",112824,4,NA,NA,NA,4
"2305",112826,1,80,NA,5,NA
"2306",112828,1,47,NA,3,NA
"2307",112830,4,NA,NA,NA,1
"2308",112831,1,42,NA,3,NA
"2309",112834,1,46,NA,1,NA
"2310",112835,4,NA,NA,NA,3
"2311",112837,2,NA,1,1,NA
"2312",112838,4,NA,NA,NA,4
"2313",112839,1,50,NA,1,NA
"2314",112840,4,NA,NA,NA,3
"2315",112841,4,NA,NA,NA,3
"2316",112842,1,22,2,1,NA
"2317",112844,4,NA,NA,NA,7
"2318",112845,1,40,NA,1,NA
"2319",112846,4,NA,NA,NA,3
"2320",112847,2,NA,1,3,NA
"2321",112849,3,NA,NA,NA,NA
"2322",112850,1,40,NA,2,NA
"2323",112851,4,NA,NA,NA,3
"2324",112852,1,6,2,5,NA
"2325",112853,1,41,NA,1,NA
"2326",112855,1,40,NA,1,NA
"2327",112856,4,NA,NA,NA,7
"2328",112859,1,45,NA,1,NA
"2329",112860,4,NA,NA,NA,3
"2330",112861,1,18,2,5,NA
"2331",112862,3,NA,NA,NA,NA
"2332",112863,1,20,2,1,NA
"2333",112864,4,NA,NA,NA,1
"2334",112865,1,45,NA,1,NA
"2335",112866,4,NA,NA,NA,4
"2336",112868,4,NA,NA,NA,4
"2337",112869,4,NA,NA,NA,1
"2338",112874,1,8,1,3,NA
"2339",112876,1,12,2,5,NA
"2340",112877,1,80,NA,5,NA
"2341",112878,4,NA,NA,NA,4
"2342",112881,4,NA,NA,NA,4
"2343",112882,1,40,NA,5,NA
"2344",112883,1,32,1,5,NA
"2345",112884,2,NA,2,5,NA
"2346",112886,1,40,NA,1,NA
"2347",112887,4,NA,NA,NA,4
"2348",112888,1,40,NA,1,NA
"2349",112889,4,NA,NA,NA,4
"2350",112890,1,40,NA,2,NA
"2351",112892,4,NA,NA,NA,2
"2352",112897,4,NA,NA,NA,1
"2353",112898,1,40,NA,5,NA
"2354",112899,1,28,2,5,NA
"2355",112900,1,40,NA,1,NA
"2356",112901,1,30,2,5,NA
"2357",112902,1,25,1,5,NA
"2358",112904,4,NA,NA,NA,1
"2359",112906,1,80,NA,5,NA
"2360",112907,1,40,NA,5,NA
"2361",112908,4,NA,NA,NA,3
"2362",112910,4,NA,NA,NA,4
"2363",112913,1,20,2,1,NA
"2364",112915,1,45,NA,5,NA
"2365",112916,4,NA,NA,NA,2
"2366",112918,4,NA,NA,NA,3
"2367",112919,1,22,2,1,NA
"2368",112921,4,NA,NA,NA,3
"2369",112922,3,NA,NA,NA,NA
"2370",112924,1,55,NA,2,NA
"2371",112925,1,35,NA,1,NA
"2372",112926,1,40,NA,1,NA
"2373",112927,1,55,NA,3,NA
"2374",112929,4,NA,NA,NA,4
"2375",112930,4,NA,NA,NA,3
"2376",112931,1,80,NA,5,NA
"2377",112935,4,NA,NA,NA,4
"2378",112936,4,NA,NA,NA,3
"2379",112937,1,55,NA,3,NA
"2380",112938,1,40,NA,3,NA
"2381",112939,1,27,1,5,NA
"2382",112940,1,50,NA,1,NA
"2383",112941,1,44,NA,5,NA
"2384",112942,1,6,2,2,NA
"2385",112943,1,60,NA,5,NA
"2386",112944,1,6,2,3,NA
"2387",112945,1,40,NA,2,NA
"2388",112947,4,NA,NA,NA,3
"2389",112948,1,68,NA,2,NA
"2390",112949,1,60,NA,2,NA
"2391",112951,1,60,NA,5,NA
"2392",112953,4,NA,NA,NA,3
"2393",112955,1,44,NA,1,NA
"2394",112956,4,NA,NA,NA,7
"2395",112957,1,40,NA,3,NA
"2396",112958,3,NA,NA,NA,NA
"2397",112960,1,54,NA,1,NA
"2398",112961,1,40,NA,1,NA
"2399",112962,3,NA,NA,NA,NA
"2400",112965,3,NA,NA,NA,NA
"2401",112966,1,40,NA,5,NA
"2402",112967,1,45,NA,1,NA
"2403",112968,2,NA,1,1,NA
"2404",112970,3,NA,NA,NA,NA
"2405",112972,1,40,NA,2,NA
"2406",112974,4,NA,NA,NA,3
"2407",112977,4,NA,NA,NA,3
"2408",112978,4,NA,NA,NA,3
"2409",112979,4,NA,NA,NA,3
"2410",112981,1,50,NA,1,NA
"2411",112983,1,40,NA,1,NA
"2412",112986,3,NA,NA,NA,NA
"2413",112987,1,40,NA,1,NA
"2414",112988,1,19,1,5,NA
"2415",112990,1,17,2,5,NA
"2416",112991,4,NA,NA,NA,7
"2417",112992,4,NA,NA,NA,3
"2418",112994,1,45,NA,5,NA
"2419",112995,4,NA,NA,NA,7
"2420",112997,1,65,NA,5,NA
"2421",112998,1,40,NA,5,NA
"2422",112999,4,NA,NA,NA,3
"2423",113000,1,16,1,3,NA
"2424",113001,4,NA,NA,NA,4
"2425",113004,1,40,NA,1,NA
"2426",113005,1,20,2,1,NA
"2427",113006,1,44,NA,5,NA
"2428",113007,1,40,NA,5,NA
"2429",113008,4,NA,NA,NA,3
"2430",113009,1,55,NA,3,NA
"2431",113010,4,NA,NA,NA,4
"2432",113011,4,NA,NA,NA,3
"2433",113013,4,NA,NA,NA,1
"2434",113014,4,NA,NA,NA,4
"2435",113017,1,16,2,3,NA
"2436",113018,4,NA,NA,NA,4
"2437",113020,4,NA,NA,NA,3
"2438",113021,4,NA,NA,NA,4
"2439",113022,4,NA,NA,NA,7
"2440",113023,1,24,2,1,NA
"2441",113026,1,60,NA,1,NA
"2442",113027,1,25,2,5,NA
"2443",113028,1,60,NA,5,NA
"2444",113029,4,NA,NA,NA,2
"2445",113030,4,NA,NA,NA,1
"2446",113032,1,44,NA,5,NA
"2447",113033,1,40,NA,5,NA
"2448",113037,1,15,2,1,NA
"2449",113038,1,40,NA,2,NA
"2450",113041,4,NA,NA,NA,1
"2451",113045,1,58,NA,5,NA
"2452",113046,1,23,1,3,NA
"2453",113047,4,NA,NA,NA,3
"2454",113048,1,60,NA,1,NA
"2455",113049,1,5,1,1,NA
"2456",113052,1,20,2,2,NA
"2457",113055,4,NA,NA,NA,4
"2458",113056,1,25,1,5,NA
"2459",113057,4,NA,NA,NA,4
"2460",113058,1,24,2,3,NA
"2461",113059,1,32,1,1,NA
"2462",113060,1,40,NA,3,NA
"2463",113061,1,45,NA,5,NA
"2464",113063,1,45,NA,1,NA
"2465",113064,1,20,2,5,NA
"2466",113066,4,NA,NA,NA,7
"2467",113068,1,35,NA,5,NA
"2468",113070,4,NA,NA,NA,2
"2469",113072,4,NA,NA,NA,3
"2470",113073,4,NA,NA,NA,3
"2471",113074,4,NA,NA,NA,4
"2472",113078,1,45,NA,5,NA
"2473",113079,1,30,2,5,NA
"2474",113080,4,NA,NA,NA,2
"2475",113082,1,32,2,5,NA
"2476",113083,1,55,NA,1,NA
"2477",113084,1,5,2,2,NA
"2478",113087,4,NA,NA,NA,4
"2479",113088,1,72,NA,5,NA
"2480",113091,1,40,NA,1,NA
"2481",113092,1,45,NA,1,NA
"2482",113093,1,28,2,5,NA
"2483",113094,4,NA,NA,NA,3
"2484",113098,4,NA,NA,NA,7
"2485",113101,1,40,NA,1,NA
"2486",113104,1,40,NA,1,NA
"2487",113109,4,NA,NA,NA,7
"2488",113110,1,32,2,3,NA
"2489",113111,1,30,1,5,NA
"2490",113113,1,25,2,1,NA
"2491",113116,1,60,NA,5,NA
"2492",113117,1,65,NA,1,NA
"2493",113118,4,NA,NA,NA,3
"2494",113119,1,24,1,3,NA
"2495",113120,3,NA,NA,NA,NA
"2496",113122,1,40,NA,3,NA
"2497",113123,4,NA,NA,NA,1
"2498",113124,1,10,2,5,NA
"2499",113125,1,80,NA,5,NA
"2500",113126,4,NA,NA,NA,4
"2501",113127,4,NA,NA,NA,4
"2502",113128,1,5,2,5,NA
"2503",113129,4,NA,NA,NA,3
"2504",113131,4,NA,NA,NA,3
"2505",113134,4,NA,NA,NA,4
"2506",113136,1,32,2,1,NA
"2507",113137,4,NA,NA,NA,3
"2508",113138,1,48,NA,2,NA
"2509",113139,4,NA,NA,NA,7
"2510",113141,1,32,1,1,NA
"2511",113142,1,50,NA,1,NA
"2512",113143,2,NA,2,5,NA
"2513",113144,4,NA,NA,NA,7
"2514",113145,4,NA,NA,NA,1
"2515",113151,1,60,NA,1,NA
"2516",113152,4,NA,NA,NA,3
"2517",113153,1,46,NA,1,NA
"2518",113154,1,41,NA,2,NA
"2519",113155,1,20,2,1,NA
"2520",113156,1,60,NA,1,NA
"2521",113158,1,72,NA,5,NA
"2522",113161,2,NA,2,5,NA
"2523",113162,4,NA,NA,NA,7
"2524",113163,4,NA,NA,NA,1
"2525",113164,4,NA,NA,NA,3
"2526",113166,1,40,NA,1,NA
"2527",113168,4,NA,NA,NA,3
"2528",113169,1,80,NA,5,NA
"2529",113175,4,NA,NA,NA,1
"2530",113177,1,40,NA,5,NA
"2531",113178,1,48,NA,1,NA
"2532",113179,4,NA,NA,NA,1
"2533",113182,4,NA,NA,NA,2
"2534",113183,4,NA,NA,NA,3
"2535",113185,3,NA,NA,NA,NA
"2536",113187,1,40,NA,1,NA
"2537",113188,1,55,NA,5,NA
"2538",113189,4,NA,NA,NA,4
"2539",113191,4,NA,NA,NA,3
"2540",113194,4,NA,NA,NA,7
"2541",113195,4,NA,NA,NA,4
"2542",113197,1,43,NA,5,NA
"2543",113199,4,NA,NA,NA,4
"2544",113200,1,40,NA,1,NA
"2545",113201,4,NA,NA,NA,3
"2546",113202,4,NA,NA,NA,4
"2547",113204,1,47,NA,3,NA
"2548",113205,1,5,2,2,NA
"2549",113207,1,42,NA,1,NA
"2550",113209,2,NA,1,5,NA
"2551",113210,1,30,2,5,NA
"2552",113211,1,20,2,5,NA
"2553",113212,3,NA,NA,NA,NA
"2554",113213,1,41,NA,1,NA
"2555",113215,2,NA,1,1,NA
"2556",113216,4,NA,NA,NA,2
"2557",113218,1,45,NA,5,NA
"2558",113220,1,40,NA,1,NA
"2559",113221,4,NA,NA,NA,2
"2560",113222,1,40,NA,1,NA
"2561",113223,1,40,NA,1,NA
"2562",113224,4,NA,NA,NA,3
"2563",113226,4,NA,NA,NA,2
"2564",113227,4,NA,NA,NA,4
"2565",113231,4,NA,NA,NA,4
"2566",113232,1,32,1,1,NA
"2567",113233,1,50,NA,1,NA
"2568",113236,4,NA,NA,NA,4
"2569",113237,1,60,NA,5,NA
"2570",113239,1,40,NA,1,NA
"2571",113240,1,50,NA,5,NA
"2572",113241,4,NA,NA,NA,4
"2573",113242,4,NA,NA,NA,3
"2574",113244,4,NA,NA,NA,4
"2575",113246,4,NA,NA,NA,3
"2576",113249,4,NA,NA,NA,4
"2577",113250,1,45,NA,1,NA
"2578",113253,1,70,NA,1,NA
"2579",113254,4,NA,NA,NA,3
"2580",113256,1,50,NA,3,NA
"2581",113257,1,50,NA,1,NA
"2582",113258,4,NA,NA,NA,4
"2583",113259,1,40,NA,1,NA
"2584",113260,4,NA,NA,NA,2
"2585",113262,4,NA,NA,NA,4
"2586",113263,4,NA,NA,NA,2
"2587",113264,1,40,NA,5,NA
"2588",113266,1,60,NA,5,NA
"2589",113267,4,NA,NA,NA,3
"2590",113268,4,NA,NA,NA,1
"2591",113270,1,15,2,2,NA
"2592",113271,1,40,NA,1,NA
"2593",113272,3,NA,NA,NA,NA
"2594",113273,4,NA,NA,NA,3
"2595",113274,1,20,2,5,NA
"2596",113275,4,NA,NA,NA,3
"2597",113276,1,35,NA,5,NA
"2598",113277,1,53,NA,2,NA
"2599",113278,1,55,NA,5,NA
"2600",113279,4,NA,NA,NA,3
"2601",113281,1,15,2,1,NA
"2602",113284,3,NA,NA,NA,NA
"2603",113285,4,NA,NA,NA,1
"2604",113286,4,NA,NA,NA,3
"2605",113287,4,NA,NA,NA,4
"2606",113289,4,NA,NA,NA,4
"2607",113292,1,40,NA,1,NA
"2608",113293,2,NA,2,5,NA
"2609",113294,1,40,NA,1,NA
"2610",113298,4,NA,NA,NA,4
"2611",113300,1,40,NA,2,NA
"2612",113301,1,40,NA,5,NA
"2613",113302,4,NA,NA,NA,7
"2614",113303,1,21,1,1,NA
"2615",113305,4,NA,NA,NA,7
"2616",113308,1,40,NA,2,NA
"2617",113310,1,40,NA,1,NA
"2618",113311,4,NA,NA,NA,3
"2619",113313,1,34,2,2,NA
"2620",113314,1,40,NA,1,NA
"2621",113315,4,NA,NA,NA,2
"2622",113316,1,63,NA,5,NA
"2623",113317,3,NA,NA,NA,NA
"2624",113320,1,32,2,3,NA
"2625",113321,1,20,2,2,NA
"2626",113323,1,40,NA,1,NA
"2627",113324,1,46,NA,1,NA
"2628",113325,1,70,NA,5,NA
"2629",113326,3,NA,NA,NA,NA
"2630",113327,4,NA,NA,NA,4
"2631",113328,3,NA,NA,NA,NA
"2632",113329,3,NA,NA,NA,NA
"2633",113331,1,40,NA,5,NA
"2634",113332,1,40,NA,3,NA
"2635",113336,1,53,NA,5,NA
"2636",113337,1,40,NA,1,NA
"2637",113340,4,NA,NA,NA,3
"2638",113341,1,45,NA,1,NA
"2639",113342,1,15,2,1,NA
"2640",113343,4,NA,NA,NA,4
"2641",113344,1,24,2,1,NA
"2642",113345,1,35,NA,2,NA
"2643",113347,1,40,NA,5,NA
"2644",113348,4,NA,NA,NA,3
"2645",113349,1,65,NA,1,NA
"2646",113350,1,34,1,5,NA
"2647",113353,4,NA,NA,NA,7
"2648",113355,1,42,NA,1,NA
"2649",113357,4,NA,NA,NA,3
"2650",113360,1,60,NA,1,NA
"2651",113362,4,NA,NA,NA,3
"2652",113363,4,NA,NA,NA,4
"2653",113364,1,20,2,1,NA
"2654",113365,4,NA,NA,NA,2
"2655",113366,1,35,NA,2,NA
"2656",113367,1,40,NA,1,NA
"2657",113368,4,NA,NA,NA,4
"2658",113369,1,56,NA,5,NA
"2659",113370,4,NA,NA,NA,3
"2660",113371,1,41,NA,1,NA
"2661",113372,1,40,NA,3,NA
"2662",113373,1,40,NA,2,NA
"2663",113374,1,60,NA,5,NA
"2664",113375,4,NA,NA,NA,3
"2665",113376,4,NA,NA,NA,3
"2666",113378,4,NA,NA,NA,3
"2667",113379,4,NA,NA,NA,3
"2668",113381,1,40,NA,2,NA
"2669",113383,2,NA,1,5,NA
"2670",113384,1,40,NA,3,NA
"2671",113385,4,NA,NA,NA,3
"2672",113386,3,NA,NA,NA,NA
"2673",113387,4,NA,NA,NA,4
"2674",113389,1,80,NA,2,NA
"2675",113391,4,NA,NA,NA,1
"2676",113392,4,NA,NA,NA,7
"2677",113394,1,32,2,3,NA
"2678",113395,4,NA,NA,NA,3
"2679",113396,2,NA,1,5,NA
"2680",113397,4,NA,NA,NA,3
"2681",113398,1,40,NA,1,NA
"2682",113399,1,60,NA,5,NA
"2683",113400,1,32,2,3,NA
"2684",113401,1,40,NA,1,NA
"2685",113403,1,20,2,2,NA
"2686",113404,4,NA,NA,NA,4
"2687",113405,4,NA,NA,NA,3
"2688",113406,1,40,NA,1,NA
"2689",113407,4,NA,NA,NA,1
"2690",113408,3,NA,NA,NA,NA
"2691",113409,4,NA,NA,NA,1
"2692",113411,3,NA,NA,NA,NA
"2693",113413,1,35,NA,1,NA
"2694",113415,1,25,1,5,NA
"2695",113416,1,30,2,1,NA
"2696",113418,1,40,NA,1,NA
"2697",113420,4,NA,NA,NA,1
"2698",113422,4,NA,NA,NA,2
"2699",113423,4,NA,NA,NA,7
"2700",113425,4,NA,NA,NA,3
"2701",113427,1,40,NA,3,NA
"2702",113429,4,NA,NA,NA,3
"2703",113430,1,30,1,2,NA
"2704",113431,3,NA,NA,NA,NA
"2705",113432,4,NA,NA,NA,2
"2706",113435,1,32,1,5,NA
"2707",113436,1,45,NA,5,NA
"2708",113437,1,48,NA,1,NA
"2709",113439,4,NA,NA,NA,3
"2710",113440,4,NA,NA,NA,3
"2711",113442,1,43,NA,2,NA
"2712",113443,1,57,NA,3,NA
"2713",113445,1,30,1,1,NA
"2714",113446,4,NA,NA,NA,4
"2715",113447,1,55,NA,3,NA
"2716",113448,1,40,NA,1,NA
"2717",113450,4,NA,NA,NA,4
"2718",113451,4,NA,NA,NA,4
"2719",113452,4,NA,NA,NA,3
"2720",113453,1,36,NA,5,NA
"2721",113454,4,NA,NA,NA,3
"2722",113455,4,NA,NA,NA,4
"2723",113456,4,NA,NA,NA,3
"2724",113457,4,NA,NA,NA,4
"2725",113459,1,42,NA,1,NA
"2726",113460,4,NA,NA,NA,3
"2727",113461,1,52,NA,1,NA
"2728",113462,1,40,NA,3,NA
"2729",113463,1,30,2,1,NA
"2730",113464,3,NA,NA,NA,NA
"2731",113467,1,7,2,1,NA
"2732",113468,1,60,NA,5,NA
"2733",113469,1,50,NA,1,NA
"2734",113470,1,35,NA,2,NA
"2735",113472,1,46,NA,1,NA
"2736",113473,4,NA,NA,NA,3
"2737",113475,4,NA,NA,NA,3
"2738",113477,2,NA,1,1,NA
"2739",113478,1,40,NA,1,NA
"2740",113479,1,40,NA,3,NA
"2741",113480,1,60,NA,5,NA
"2742",113482,1,17,2,5,NA
"2743",113483,4,NA,NA,NA,3
"2744",113486,1,48,NA,5,NA
"2745",113487,1,56,NA,3,NA
"2746",113488,4,NA,NA,NA,3
"2747",113491,1,10,2,3,NA
"2748",113492,4,NA,NA,NA,4
"2749",113493,1,40,NA,5,NA
"2750",113494,1,38,NA,5,NA
"2751",113499,1,45,NA,1,NA
"2752",113500,4,NA,NA,NA,3
"2753",113501,1,15,2,5,NA
"2754",113503,4,NA,NA,NA,3
"2755",113504,4,NA,NA,NA,1
"2756",113505,1,40,NA,1,NA
"2757",113507,1,30,2,5,NA
"2758",113509,1,50,NA,5,NA
"2759",113510,4,NA,NA,NA,3
"2760",113511,4,NA,NA,NA,3
"2761",113512,3,NA,NA,NA,NA
"2762",113513,1,10,2,2,NA
"2763",113514,4,NA,NA,NA,4
"2764",113515,4,NA,NA,NA,3
"2765",113516,4,NA,NA,NA,3
"2766",113518,4,NA,NA,NA,4
"2767",113519,4,NA,NA,NA,3
"2768",113521,4,NA,NA,NA,3
"2769",113527,1,40,NA,3,NA
"2770",113528,4,NA,NA,NA,3
"2771",113531,4,NA,NA,NA,1
"2772",113532,4,NA,NA,NA,4
"2773",113534,1,40,NA,1,NA
"2774",113539,2,NA,1,1,NA
"2775",113541,4,NA,NA,NA,3
"2776",113542,4,NA,NA,NA,4
"2777",113543,1,20,2,1,NA
"2778",113545,1,8,2,2,NA
"2779",113546,1,30,2,5,NA
"2780",113547,4,NA,NA,NA,3
"2781",113548,4,NA,NA,NA,3
"2782",113549,4,NA,NA,NA,4
"2783",113550,1,25,2,5,NA
"2784",113551,1,40,NA,3,NA
"2785",113552,1,20,1,5,NA
"2786",113553,1,43,NA,5,NA
"2787",113556,4,NA,NA,NA,1
"2788",113558,1,60,NA,3,NA
"2789",113559,4,NA,NA,NA,3
"2790",113560,1,40,NA,1,NA
"2791",113562,4,NA,NA,NA,4
"2792",113563,1,50,NA,1,NA
"2793",113565,4,NA,NA,NA,1
"2794",113566,1,10,1,5,NA
"2795",113568,4,NA,NA,NA,1
"2796",113569,1,58,NA,1,NA
"2797",113573,4,NA,NA,NA,4
"2798",113574,1,45,NA,1,NA
"2799",113575,4,NA,NA,NA,1
"2800",113576,4,NA,NA,NA,7
"2801",113577,1,50,NA,2,NA
"2802",113578,1,40,NA,2,NA
"2803",113580,1,20,2,5,NA
"2804",113581,4,NA,NA,NA,7
"2805",113582,4,NA,NA,NA,4
"2806",113583,1,55,NA,3,NA
"2807",113584,4,NA,NA,NA,4
"2808",113586,4,NA,NA,NA,3
"2809",113587,1,12,2,2,NA
"2810",113588,1,40,NA,3,NA
"2811",113590,4,NA,NA,NA,3
"2812",113591,4,NA,NA,NA,4
"2813",113592,4,NA,NA,NA,2
"2814",113593,4,NA,NA,NA,2
"2815",113596,4,NA,NA,NA,4
"2816",113597,4,NA,NA,NA,3
"2817",113599,1,40,NA,1,NA
"2818",113600,4,NA,NA,NA,3
"2819",113602,1,70,NA,5,NA
"2820",113606,1,68,NA,5,NA
"2821",113613,4,NA,NA,NA,1
"2822",113614,1,40,NA,5,NA
"2823",113615,4,NA,NA,NA,1
"2824",113616,4,NA,NA,NA,3
"2825",113617,1,50,NA,1,NA
"2826",113619,4,NA,NA,NA,3
"2827",113620,4,NA,NA,NA,1
"2828",113621,1,37,NA,2,NA
"2829",113624,1,40,NA,1,NA
"2830",113625,1,50,NA,1,NA
"2831",113627,1,40,NA,1,NA
"2832",113628,1,40,NA,1,NA
"2833",113629,1,50,NA,3,NA
"2834",113630,2,NA,1,1,NA
"2835",113631,4,NA,NA,NA,3
"2836",113632,1,28,2,1,NA
"2837",113633,4,NA,NA,NA,2
"2838",113635,4,NA,NA,NA,3
"2839",113636,1,7,2,2,NA
"2840",113637,1,40,NA,2,NA
"2841",113638,4,NA,NA,NA,2
"2842",113639,4,NA,NA,NA,4
"2843",113641,1,40,NA,5,NA
"2844",113642,1,80,NA,5,NA
"2845",113644,1,30,1,2,NA
"2846",113646,1,40,NA,1,NA
"2847",113647,4,NA,NA,NA,3
"2848",113648,1,60,NA,5,NA
"2849",113649,1,40,NA,1,NA
"2850",113651,4,NA,NA,NA,4
"2851",113652,3,NA,NA,NA,NA
"2852",113653,4,NA,NA,NA,3
"2853",113654,4,NA,NA,NA,4
"2854",113655,4,NA,NA,NA,1
"2855",113656,4,NA,NA,NA,2
"2856",113658,1,43,NA,2,NA
"2857",113659,4,NA,NA,NA,2
"2858",113660,1,32,2,5,NA
"2859",113661,4,NA,NA,NA,2
"2860",113663,1,40,NA,5,NA
"2861",113664,4,NA,NA,NA,3
"2862",113666,1,72,NA,5,NA
"2863",113667,4,NA,NA,NA,4
"2864",113668,4,NA,NA,NA,3
"2865",113669,4,NA,NA,NA,3
"2866",113670,4,NA,NA,NA,2
"2867",113672,1,25,2,5,NA
"2868",113673,1,40,NA,5,NA
"2869",113674,4,NA,NA,NA,3
"2870",113676,3,NA,NA,NA,NA
"2871",113677,1,40,NA,5,NA
"2872",113678,1,40,NA,1,NA
"2873",113679,4,NA,NA,NA,2
"2874",113680,1,15,2,5,NA
"2875",113681,1,40,NA,3,NA
"2876",113682,4,NA,NA,NA,4
"2877",113683,3,NA,NA,NA,NA
"2878",113684,1,32,2,2,NA
"2879",113686,3,NA,NA,NA,NA
"2880",113687,1,56,NA,2,NA
"2881",113690,1,40,NA,1,NA
"2882",113691,1,49,NA,5,NA
"2883",113692,1,30,2,1,NA
"2884",113695,1,40,NA,5,NA
"2885",113696,1,27,1,5,NA
"2886",113699,4,NA,NA,NA,4
"2887",113701,1,45,NA,2,NA
"2888",113702,1,40,NA,1,NA
"2889",113703,1,40,NA,3,NA
"2890",113704,4,NA,NA,NA,4
"2891",113705,3,NA,NA,NA,NA
"2892",113706,1,45,NA,5,NA
"2893",113707,1,60,NA,2,NA
"2894",113708,1,43,NA,1,NA
"2895",113709,1,72,NA,5,NA
"2896",113714,1,40,NA,5,NA
"2897",113715,4,NA,NA,NA,3
"2898",113716,1,40,NA,3,NA
"2899",113717,1,42,NA,1,NA
"2900",113718,1,6,1,2,NA
"2901",113723,1,55,NA,5,NA
"2902",113726,1,10,2,5,NA
"2903",113727,1,75,NA,5,NA
"2904",113730,4,NA,NA,NA,3
"2905",113731,1,37,NA,5,NA
"2906",113733,4,NA,NA,NA,3
"2907",113734,4,NA,NA,NA,3
"2908",113735,2,NA,1,1,NA
"2909",113736,4,NA,NA,NA,4
"2910",113737,4,NA,NA,NA,1
"2911",113738,1,40,NA,3,NA
"2912",113740,4,NA,NA,NA,4
"2913",113742,1,16,2,3,NA
"2914",113743,4,NA,NA,NA,2
"2915",113744,1,65,NA,5,NA
"2916",113746,1,25,2,5,NA
"2917",113747,1,60,NA,5,NA
"2918",113748,4,NA,NA,NA,4
"2919",113750,1,30,1,5,NA
"2920",113751,1,40,NA,3,NA
"2921",113753,4,NA,NA,NA,3
"2922",113754,1,40,NA,1,NA
"2923",113755,1,30,1,1,NA
"2924",113757,1,45,NA,1,NA
"2925",113760,4,NA,NA,NA,3
"2926",113761,3,NA,NA,NA,NA
"2927",113762,4,NA,NA,NA,3
"2928",113763,1,38,NA,1,NA
"2929",113765,4,NA,NA,NA,3
"2930",113766,1,57,NA,5,NA
"2931",113767,1,26,2,2,NA
"2932",113768,4,NA,NA,NA,4
"2933",113769,4,NA,NA,NA,1
"2934",113770,1,20,1,5,NA
"2935",113772,3,NA,NA,NA,NA
"2936",113773,1,10,2,5,NA
"2937",113775,1,5,2,5,NA
"2938",113776,1,50,NA,3,NA
"2939",113777,4,NA,NA,NA,3
"2940",113778,4,NA,NA,NA,3
"2941",113779,1,64,NA,2,NA
"2942",113780,4,NA,NA,NA,2
"2943",113781,3,NA,NA,NA,NA
"2944",113782,4,NA,NA,NA,4
"2945",113785,4,NA,NA,NA,1
"2946",113787,4,NA,NA,NA,3
"2947",113788,1,60,NA,5,NA
"2948",113791,1,32,1,1,NA
"2949",113792,4,NA,NA,NA,1
"2950",113794,1,28,2,1,NA
"2951",113797,4,NA,NA,NA,3
"2952",113799,1,48,NA,5,NA
"2953",113801,1,32,2,5,NA
"2954",113803,1,23,1,2,NA
"2955",113807,4,NA,NA,NA,1
"2956",113808,4,NA,NA,NA,4
"2957",113810,4,NA,NA,NA,7
"2958",113812,1,25,1,1,NA
"2959",113813,4,NA,NA,NA,7
"2960",113815,4,NA,NA,NA,3
"2961",113816,1,60,NA,1,NA
"2962",113817,1,40,NA,1,NA
"2963",113818,4,NA,NA,NA,4
"2964",113819,1,40,NA,5,NA
"2965",113820,1,38,NA,1,NA
"2966",113822,1,9,2,3,NA
"2967",113824,1,36,NA,3,NA
"2968",113825,1,40,NA,3,NA
"2969",113826,4,NA,NA,NA,3
"2970",113827,4,NA,NA,NA,3
"2971",113828,1,40,NA,1,NA
"2972",113830,1,40,NA,1,NA
"2973",113831,4,NA,NA,NA,3
"2974",113834,1,70,NA,5,NA
"2975",113838,4,NA,NA,NA,3
"2976",113839,1,8,2,3,NA
"2977",113840,4,NA,NA,NA,3
"2978",113841,1,46,NA,3,NA
"2979",113843,4,NA,NA,NA,3
"2980",113844,4,NA,NA,NA,1
"2981",113845,4,NA,NA,NA,2
"2982",113846,4,NA,NA,NA,3
"2983",113847,1,30,1,5,NA
"2984",113848,4,NA,NA,NA,2
"2985",113849,3,NA,NA,NA,NA
"2986",113851,1,40,NA,1,NA
"2987",113852,4,NA,NA,NA,3
"2988",113854,4,NA,NA,NA,3
"2989",113856,4,NA,NA,NA,3
"2990",113857,1,5,1,2,NA
"2991",113859,4,NA,NA,NA,3
"2992",113860,1,36,NA,2,NA
"2993",113862,4,NA,NA,NA,7
"2994",113863,4,NA,NA,NA,3
"2995",113865,1,30,2,5,NA
"2996",113866,1,40,NA,1,NA
"2997",113868,4,NA,NA,NA,4
"2998",113869,4,NA,NA,NA,3
"2999",113870,4,NA,NA,NA,3
"3000",113871,1,30,2,1,NA
"3001",113872,4,NA,NA,NA,4
"3002",113874,1,40,NA,1,NA
"3003",113880,4,NA,NA,NA,3
"3004",113881,1,37,NA,5,NA
"3005",113883,4,NA,NA,NA,4
"3006",113884,1,50,NA,1,NA
"3007",113886,1,40,NA,1,NA
"3008",113888,4,NA,NA,NA,3
"3009",113889,4,NA,NA,NA,4
"3010",113891,1,45,NA,1,NA
"3011",113893,1,30,1,3,NA
"3012",113894,4,NA,NA,NA,7
"3013",113895,4,NA,NA,NA,3
"3014",113896,4,NA,NA,NA,3
"3015",113897,1,50,NA,5,NA
"3016",113898,1,60,NA,5,NA
"3017",113899,1,37,NA,5,NA
"3018",113900,1,45,NA,1,NA
"3019",113903,4,NA,NA,NA,3
"3020",113904,4,NA,NA,NA,3
"3021",113906,1,16,2,5,NA
"3022",113907,4,NA,NA,NA,7
"3023",113908,1,40,NA,1,NA
"3024",113910,4,NA,NA,NA,7
"3025",113911,4,NA,NA,NA,3
"3026",113912,1,50,NA,3,NA
"3027",113913,4,NA,NA,NA,3
"3028",113914,1,25,2,5,NA
"3029",113915,1,40,NA,5,NA
"3030",113917,1,56,NA,2,NA
"3031",113918,4,NA,NA,NA,4
"3032",113921,1,40,NA,2,NA
"3033",113922,1,40,NA,3,NA
"3034",113924,1,40,NA,1,NA
"3035",113925,4,NA,NA,NA,2
"3036",113926,4,NA,NA,NA,3
"3037",113927,4,NA,NA,NA,7
"3038",113928,1,42,NA,5,NA
"3039",113930,1,54,NA,3,NA
"3040",113934,1,60,NA,1,NA
"3041",113935,4,NA,NA,NA,4
"3042",113936,4,NA,NA,NA,3
"3043",113938,3,NA,NA,NA,NA
"3044",113939,1,10,2,2,NA
"3045",113941,4,NA,NA,NA,4
"3046",113943,4,NA,NA,NA,3
"3047",113944,1,14,2,5,NA
"3048",113945,1,60,NA,5,NA
"3049",113946,1,40,NA,2,NA
"3050",113947,1,65,NA,3,NA
"3051",113948,4,NA,NA,NA,2
"3052",113949,4,NA,NA,NA,1
"3053",113951,1,40,NA,5,NA
"3054",113953,1,40,NA,1,NA
"3055",113954,1,32,1,3,NA
"3056",113957,1,30,2,1,NA
"3057",113958,1,40,NA,2,NA
"3058",113959,4,NA,NA,NA,4
"3059",113961,3,NA,NA,NA,NA
"3060",113962,1,34,1,3,NA
"3061",113965,1,32,1,5,NA
"3062",113967,4,NA,NA,NA,1
"3063",113968,4,NA,NA,NA,7
"3064",113969,1,20,2,2,NA
"3065",113970,4,NA,NA,NA,4
"3066",113971,4,NA,NA,NA,3
"3067",113972,1,60,NA,2,NA
"3068",113973,4,NA,NA,NA,4
"3069",113976,1,16,2,5,NA
"3070",113977,1,44,NA,1,NA
"3071",113978,4,NA,NA,NA,4
"3072",113979,1,28,2,1,NA
"3073",113980,1,40,NA,3,NA
"3074",113981,4,NA,NA,NA,4
"3075",113982,4,NA,NA,NA,7
"3076",113983,1,30,2,1,NA
"3077",113984,1,65,NA,3,NA
"3078",113986,4,NA,NA,NA,4
"3079",113987,1,50,NA,1,NA
"3080",113991,1,36,NA,3,NA
"3081",113992,1,55,NA,1,NA
"3082",113993,4,NA,NA,NA,3
"3083",113994,1,60,NA,5,NA
"3084",113996,4,NA,NA,NA,2
"3085",113998,1,40,NA,5,NA
"3086",113999,1,35,NA,2,NA
"3087",114001,1,5,2,3,NA
"3088",114004,4,NA,NA,NA,2
"3089",114005,1,14,1,3,NA
"3090",114008,4,NA,NA,NA,3
"3091",114009,1,40,NA,3,NA
"3092",114015,4,NA,NA,NA,4
"3093",114016,1,30,2,2,NA
"3094",114017,1,45,NA,1,NA
"3095",114019,4,NA,NA,NA,3
"3096",114020,1,40,NA,5,NA
"3097",114021,3,NA,NA,NA,NA
"3098",114023,1,50,NA,3,NA
"3099",114025,4,NA,NA,NA,2
"3100",114027,4,NA,NA,NA,4
"3101",114028,4,NA,NA,NA,3
"3102",114030,1,40,NA,2,NA
"3103",114031,4,NA,NA,NA,3
"3104",114032,1,12,2,5,NA
"3105",114034,4,NA,NA,NA,4
"3106",114035,4,NA,NA,NA,4
"3107",114036,1,56,NA,2,NA
"3108",114037,4,NA,NA,NA,3
"3109",114038,4,NA,NA,NA,3
"3110",114039,4,NA,NA,NA,4
"3111",114040,4,NA,NA,NA,7
"3112",114041,1,60,NA,3,NA
"3113",114042,1,50,NA,1,NA
"3114",114043,4,NA,NA,NA,3
"3115",114045,4,NA,NA,NA,3
"3116",114046,1,40,NA,1,NA
"3117",114048,4,NA,NA,NA,1
"3118",114049,4,NA,NA,NA,3
"3119",114052,1,30,2,5,NA
"3120",114053,1,40,NA,1,NA
"3121",114054,4,NA,NA,NA,3
"3122",114056,1,40,NA,3,NA
"3123",114057,4,NA,NA,NA,1
"3124",114058,1,20,2,5,NA
"3125",114059,4,NA,NA,NA,3
"3126",114060,1,40,NA,2,NA
"3127",114062,2,NA,2,5,NA
"3128",114063,1,40,NA,5,NA
"3129",114066,4,NA,NA,NA,1
"3130",114067,4,NA,NA,NA,3
"3131",114068,3,NA,NA,NA,NA
"3132",114069,1,20,1,1,NA
"3133",114070,1,36,NA,2,NA
"3134",114071,4,NA,NA,NA,3
"3135",114074,1,55,NA,3,NA
"3136",114075,4,NA,NA,NA,7
"3137",114078,4,NA,NA,NA,1
"3138",114081,4,NA,NA,NA,4
"3139",114082,4,NA,NA,NA,3
"3140",114083,4,NA,NA,NA,3
"3141",114084,1,40,NA,1,NA
"3142",114087,1,50,NA,5,NA
"3143",114090,1,25,2,5,NA
"3144",114092,1,40,NA,1,NA
"3145",114093,1,40,NA,3,NA
"3146",114095,1,32,1,2,NA
"3147",114096,1,8,2,1,NA
"3148",114097,1,24,2,2,NA
"3149",114098,1,60,NA,5,NA
"3150",114099,2,NA,1,1,NA
"3151",114100,4,NA,NA,NA,3
"3152",114101,1,61,NA,5,NA
"3153",114103,4,NA,NA,NA,3
"3154",114104,4,NA,NA,NA,3
"3155",114105,4,NA,NA,NA,3
"3156",114106,4,NA,NA,NA,3
"3157",114108,3,NA,NA,NA,NA
"3158",114110,1,20,2,1,NA
"3159",114111,1,36,NA,5,NA
"3160",114112,1,52,NA,5,NA
"3161",114113,1,40,NA,5,NA
"3162",114114,1,20,1,3,NA
"3163",114116,1,6,2,5,NA
"3164",114117,1,15,2,5,NA
"3165",114118,1,50,NA,1,NA
"3166",114122,1,55,NA,2,NA
"3167",114123,1,35,NA,1,NA
"3168",114124,1,36,NA,2,NA
"3169",114125,1,33,2,5,NA
"3170",114128,4,NA,NA,NA,4
"3171",114130,1,5,2,5,NA
"3172",114131,4,NA,NA,NA,4
"3173",114133,1,48,NA,3,NA
"3174",114134,4,NA,NA,NA,2
"3175",114135,1,40,NA,5,NA
"3176",114136,1,40,NA,1,NA
"3177",114141,1,45,NA,5,NA
"3178",114143,1,45,NA,3,NA
"3179",114145,1,45,NA,1,NA
"3180",114147,4,NA,NA,NA,3
"3181",114148,4,NA,NA,NA,3
"3182",114149,1,40,NA,2,NA
"3183",114152,1,5,2,2,NA
"3184",114153,1,58,NA,3,NA
"3185",114157,1,40,NA,5,NA
"3186",114159,1,40,NA,2,NA
"3187",114161,1,40,NA,5,NA
"3188",114162,4,NA,NA,NA,4
"3189",114163,1,40,NA,1,NA
"3190",114165,1,50,NA,5,NA
"3191",114167,1,40,NA,1,NA
"3192",114168,4,NA,NA,NA,99
"3193",114169,4,NA,NA,NA,4
"3194",114171,4,NA,NA,NA,1
"3195",114172,1,50,NA,5,NA
"3196",114173,1,48,NA,5,NA
"3197",114177,4,NA,NA,NA,4
"3198",114178,1,40,NA,2,NA
"3199",114179,1,50,NA,3,NA
"3200",114181,1,45,NA,5,NA
"3201",114182,1,40,NA,1,NA
"3202",114183,1,48,NA,1,NA
"3203",114184,4,NA,NA,NA,3
"3204",114185,4,NA,NA,NA,4
"3205",114186,1,20,2,2,NA
"3206",114187,4,NA,NA,NA,1
"3207",114188,1,35,NA,3,NA
"3208",114189,4,NA,NA,NA,3
"3209",114192,4,NA,NA,NA,2
"3210",114194,1,40,NA,1,NA
"3211",114195,1,80,NA,5,NA
"3212",114196,4,NA,NA,NA,2
"3213",114197,1,40,NA,2,NA
"3214",114199,1,60,NA,5,NA
"3215",114203,4,NA,NA,NA,7
"3216",114204,1,40,NA,2,NA
"3217",114205,4,NA,NA,NA,3
"3218",114210,4,NA,NA,NA,2
"3219",114211,1,63,NA,1,NA
"3220",114212,4,NA,NA,NA,3
"3221",114213,4,NA,NA,NA,3
"3222",114219,4,NA,NA,NA,3
"3223",114220,1,40,NA,1,NA
"3224",114222,4,NA,NA,NA,1
"3225",114223,3,NA,NA,NA,NA
"3226",114225,1,20,1,1,NA
"3227",114227,1,50,NA,3,NA
"3228",114228,1,28,1,5,NA
"3229",114229,1,52,NA,5,NA
"3230",114231,1,35,NA,1,NA
"3231",114235,4,NA,NA,NA,3
"3232",114236,1,40,NA,3,NA
"3233",114237,1,32,1,1,NA
"3234",114239,4,NA,NA,NA,1
"3235",114240,4,NA,NA,NA,3
"3236",114242,1,50,NA,5,NA
"3237",114243,4,NA,NA,NA,3
"3238",114244,1,52,NA,5,NA
"3239",114246,1,45,NA,1,NA
"3240",114247,4,NA,NA,NA,3
"3241",114248,4,NA,NA,NA,3
"3242",114249,1,46,NA,3,NA
"3243",114251,1,49,NA,3,NA
"3244",114254,1,50,NA,3,NA
"3245",114255,1,26,2,5,NA
"3246",114256,4,NA,NA,NA,3
"3247",114257,1,8,1,1,NA
"3248",114259,4,NA,NA,NA,4
"3249",114260,4,NA,NA,NA,7
"3250",114261,1,49,NA,1,NA
"3251",114263,1,48,NA,1,NA
"3252",114268,4,NA,NA,NA,4
"3253",114269,4,NA,NA,NA,3
"3254",114272,3,NA,NA,NA,NA
"3255",114273,1,46,NA,3,NA
"3256",114274,4,NA,NA,NA,1
"3257",114276,1,35,NA,5,NA
"3258",114279,4,NA,NA,NA,3
"3259",114280,1,35,NA,5,NA
"3260",114284,4,NA,NA,NA,2
"3261",114285,4,NA,NA,NA,3
"3262",114287,1,20,1,1,NA
"3263",114289,3,NA,NA,NA,NA
"3264",114291,3,NA,NA,NA,NA
"3265",114293,1,40,NA,3,NA
"3266",114294,4,NA,NA,NA,1
"3267",114296,1,40,NA,3,NA
"3268",114297,4,NA,NA,NA,3
"3269",114298,4,NA,NA,NA,3
"3270",114299,4,NA,NA,NA,3
"3271",114300,4,NA,NA,NA,3
"3272",114301,1,35,NA,5,NA
"3273",114303,4,NA,NA,NA,7
"3274",114305,1,35,NA,5,NA
"3275",114306,4,NA,NA,NA,7
"3276",114307,4,NA,NA,NA,3
"3277",114311,1,55,NA,5,NA
"3278",114312,4,NA,NA,NA,1
"3279",114314,4,NA,NA,NA,7
"3280",114315,4,NA,NA,NA,3
"3281",114319,1,32,2,1,NA
"3282",114320,1,45,NA,5,NA
"3283",114322,1,40,NA,5,NA
"3284",114323,4,NA,NA,NA,3
"3285",114324,4,NA,NA,NA,3
"3286",114327,1,45,NA,1,NA
"3287",114328,4,NA,NA,NA,3
"3288",114329,1,40,NA,5,NA
"3289",114330,1,60,NA,1,NA
"3290",114331,4,NA,NA,NA,3
"3291",114332,4,NA,NA,NA,3
"3292",114333,4,NA,NA,NA,1
"3293",114334,4,NA,NA,NA,4
"3294",114335,4,NA,NA,NA,4
"3295",114336,1,60,NA,3,NA
"3296",114337,4,NA,NA,NA,3
"3297",114338,2,NA,1,3,NA
"3298",114339,1,10,1,1,NA
"3299",114340,1,60,NA,2,NA
"3300",114342,3,NA,NA,NA,NA
"3301",114343,1,25,2,2,NA
"3302",114345,1,40,NA,3,NA
"3303",114346,1,60,NA,5,NA
"3304",114347,4,NA,NA,NA,3
"3305",114349,4,NA,NA,NA,1
"3306",114351,4,NA,NA,NA,3
"3307",114352,1,40,NA,5,NA
"3308",114353,1,40,NA,1,NA
"3309",114354,1,25,1,5,NA
"3310",114355,1,35,NA,1,NA
"3311",114356,1,40,NA,3,NA
"3312",114357,4,NA,NA,NA,3
"3313",114360,4,NA,NA,NA,4
"3314",114361,1,10,2,5,NA
"3315",114363,1,20,2,5,NA
"3316",114364,4,NA,NA,NA,3
"3317",114366,4,NA,NA,NA,3
"3318",114367,1,45,NA,3,NA
"3319",114369,1,12,2,5,NA
"3320",114371,4,NA,NA,NA,4
"3321",114372,4,NA,NA,NA,4
"3322",114373,4,NA,NA,NA,2
"3323",114374,1,56,NA,1,NA
"3324",114375,3,NA,NA,NA,NA
"3325",114376,1,15,1,5,NA
"3326",114377,1,15,1,1,NA
"3327",114379,1,65,NA,5,NA
"3328",114380,1,20,1,5,NA
"3329",114383,4,NA,NA,NA,3
"3330",114384,1,5,2,5,NA
"3331",114385,4,NA,NA,NA,2
"3332",114386,4,NA,NA,NA,3
"3333",114387,1,12,2,5,NA
"3334",114388,4,NA,NA,NA,1
"3335",114389,1,40,NA,1,NA
"3336",114390,4,NA,NA,NA,4
"3337",114391,1,48,NA,1,NA
"3338",114392,1,50,NA,1,NA
"3339",114393,4,NA,NA,NA,2
"3340",114396,3,NA,NA,NA,NA
"3341",114403,3,NA,NA,NA,NA
"3342",114404,4,NA,NA,NA,3
"3343",114405,1,40,NA,1,NA
"3344",114406,1,20,2,1,NA
"3345",114407,1,35,NA,1,NA
"3346",114409,1,55,NA,1,NA
"3347",114410,4,NA,NA,NA,3
"3348",114411,4,NA,NA,NA,2
"3349",114412,1,20,2,1,NA
"3350",114413,4,NA,NA,NA,4
"3351",114414,4,NA,NA,NA,3
"3352",114415,1,80,NA,1,NA
"3353",114417,1,50,NA,3,NA
"3354",114419,2,NA,1,1,NA
"3355",114420,4,NA,NA,NA,3
"3356",114422,4,NA,NA,NA,7
"3357",114423,4,NA,NA,NA,3
"3358",114424,4,NA,NA,NA,3
"3359",114425,1,45,NA,3,NA
"3360",114427,1,30,1,1,NA
"3361",114428,1,40,NA,3,NA
"3362",114429,4,NA,NA,NA,4
"3363",114430,1,56,NA,5,NA
"3364",114431,1,38,NA,1,NA
"3365",114434,1,40,NA,2,NA
"3366",114437,4,NA,NA,NA,2
"3367",114438,1,40,NA,1,NA
"3368",114440,1,50,NA,5,NA
"3369",114444,4,NA,NA,NA,3
"3370",114445,4,NA,NA,NA,3
"3371",114446,1,60,NA,5,NA
"3372",114448,1,15,2,1,NA
"3373",114449,1,37,NA,1,NA
"3374",114450,1,18,2,1,NA
"3375",114452,4,NA,NA,NA,1
"3376",114453,1,36,NA,1,NA
"3377",114456,4,NA,NA,NA,3
"3378",114457,1,40,NA,1,NA
"3379",114458,1,40,NA,5,NA
"3380",114461,1,12,2,1,NA
"3381",114462,4,NA,NA,NA,4
"3382",114463,1,45,NA,5,NA
"3383",114466,3,NA,NA,NA,NA
"3384",114467,1,52,NA,1,NA
"3385",114470,1,45,NA,1,NA
"3386",114472,1,46,NA,5,NA
"3387",114473,1,27,1,1,NA
"3388",114475,4,NA,NA,NA,4
"3389",114477,1,40,NA,1,NA
"3390",114478,1,26,2,1,NA
"3391",114480,4,NA,NA,NA,1
"3392",114481,1,30,1,5,NA
"3393",114482,4,NA,NA,NA,3
"3394",114483,2,NA,2,1,NA
"3395",114485,4,NA,NA,NA,2
"3396",114486,4,NA,NA,NA,3
"3397",114487,1,40,NA,1,NA
"3398",114488,1,24,2,1,NA
"3399",114489,1,50,NA,5,NA
"3400",114490,4,NA,NA,NA,3
"3401",114491,4,NA,NA,NA,3
"3402",114493,4,NA,NA,NA,4
"3403",114495,4,NA,NA,NA,3
"3404",114496,1,15,2,2,NA
"3405",114497,1,72,NA,5,NA
"3406",114498,1,60,NA,1,NA
"3407",114499,4,NA,NA,NA,7
"3408",114500,4,NA,NA,NA,3
"3409",114504,4,NA,NA,NA,3
"3410",114505,1,30,1,3,NA
"3411",114507,1,6,2,1,NA
"3412",114510,1,40,NA,3,NA
"3413",114511,1,40,NA,1,NA
"3414",114512,4,NA,NA,NA,1
"3415",114513,1,35,NA,1,NA
"3416",114514,1,25,1,3,NA
"3417",114515,4,NA,NA,NA,4
"3418",114517,2,NA,2,5,NA
"3419",114519,1,40,NA,3,NA
"3420",114520,4,NA,NA,NA,1
"3421",114521,1,40,NA,1,NA
"3422",114523,4,NA,NA,NA,4
"3423",114525,4,NA,NA,NA,7
"3424",114526,4,NA,NA,NA,4
"3425",114527,1,42,NA,3,NA
"3426",114528,4,NA,NA,NA,1
"3427",114529,4,NA,NA,NA,3
"3428",114530,3,NA,NA,NA,NA
"3429",114531,4,NA,NA,NA,4
"3430",114532,4,NA,NA,NA,3
"3431",114533,1,36,NA,2,NA
"3432",114534,1,40,NA,1,NA
"3433",114535,4,NA,NA,NA,3
"3434",114536,1,27,2,3,NA
"3435",114538,1,40,NA,5,NA
"3436",114539,4,NA,NA,NA,7
"3437",114540,4,NA,NA,NA,3
"3438",114542,3,NA,NA,NA,NA
"3439",114543,1,50,NA,2,NA
"3440",114545,4,NA,NA,NA,3
"3441",114546,1,24,1,2,NA
"3442",114547,4,NA,NA,NA,4
"3443",114548,1,40,NA,1,NA
"3444",114553,1,45,NA,2,NA
"3445",114554,1,24,2,1,NA
"3446",114555,1,43,NA,3,NA
"3447",114557,1,40,NA,1,NA
"3448",114559,3,NA,NA,NA,NA
"3449",114560,1,48,NA,1,NA
"3450",114565,3,NA,NA,NA,NA
"3451",114566,4,NA,NA,NA,3
"3452",114571,4,NA,NA,NA,4
"3453",114572,4,NA,NA,NA,3
"3454",114573,1,60,NA,3,NA
"3455",114575,4,NA,NA,NA,7
"3456",114576,1,30,2,5,NA
"3457",114578,1,40,NA,1,NA
"3458",114579,4,NA,NA,NA,3
"3459",114585,4,NA,NA,NA,3
"3460",114586,1,42,NA,5,NA
"3461",114589,4,NA,NA,NA,3
"3462",114590,4,NA,NA,NA,7
"3463",114591,1,43,NA,1,NA
"3464",114594,1,40,NA,3,NA
"3465",114595,1,11,2,2,NA
"3466",114596,4,NA,NA,NA,3
"3467",114597,1,15,2,2,NA
"3468",114598,1,22,2,2,NA
"3469",114599,4,NA,NA,NA,2
"3470",114601,1,40,NA,1,NA
"3471",114602,1,15,2,2,NA
"3472",114606,4,NA,NA,NA,4
"3473",114607,1,50,NA,3,NA
"3474",114608,3,NA,NA,NA,NA
"3475",114609,1,5,1,5,NA
"3476",114610,1,40,NA,2,NA
"3477",114611,1,15,2,5,NA
"3478",114612,1,40,NA,1,NA
"3479",114614,3,NA,NA,NA,NA
"3480",114615,3,NA,NA,NA,NA
"3481",114616,1,32,1,1,NA
"3482",114617,1,30,2,1,NA
"3483",114619,4,NA,NA,NA,3
"3484",114620,1,40,NA,1,NA
"3485",114621,1,39,NA,3,NA
"3486",114622,4,NA,NA,NA,3
"3487",114624,1,40,NA,1,NA
"3488",114625,1,75,NA,5,NA
"3489",114626,1,70,NA,1,NA
"3490",114630,4,NA,NA,NA,4
"3491",114631,1,30,2,1,NA
"3492",114632,1,27,2,1,NA
"3493",114633,1,40,NA,1,NA
"3494",114634,1,45,NA,1,NA
"3495",114636,1,72,NA,5,NA
"3496",114637,4,NA,NA,NA,1
"3497",114638,4,NA,NA,NA,4
"3498",114640,1,48,NA,2,NA
"3499",114641,1,24,1,1,NA
"3500",114642,4,NA,NA,NA,3
"3501",114643,1,50,NA,1,NA
"3502",114645,4,NA,NA,NA,7
"3503",114646,1,18,2,3,NA
"3504",114647,1,50,NA,1,NA
"3505",114648,4,NA,NA,NA,4
"3506",114650,4,NA,NA,NA,3
"3507",114651,1,32,1,5,NA
"3508",114652,1,45,NA,2,NA
"3509",114653,4,NA,NA,NA,3
"3510",114657,4,NA,NA,NA,2
"3511",114658,1,48,NA,1,NA
"3512",114659,1,36,NA,2,NA
"3513",114660,1,40,NA,5,NA
"3514",114661,1,15,2,1,NA
"3515",114663,4,NA,NA,NA,3
"3516",114664,1,40,NA,3,NA
"3517",114666,3,NA,NA,NA,NA
"3518",114669,4,NA,NA,NA,1
"3519",114671,4,NA,NA,NA,1
"3520",114672,1,25,2,2,NA
"3521",114673,1,45,NA,1,NA
"3522",114674,1,32,2,2,NA
"3523",114676,1,55,NA,3,NA
"3524",114677,4,NA,NA,NA,4
"3525",114680,1,36,NA,1,NA
"3526",114681,1,28,1,2,NA
"3527",114682,1,40,NA,1,NA
"3528",114683,1,35,NA,2,NA
"3529",114684,4,NA,NA,NA,2
"3530",114686,4,NA,NA,NA,3
"3531",114687,4,NA,NA,NA,4
"3532",114688,1,40,NA,2,NA
"3533",114689,1,5,2,5,NA
"3534",114690,4,NA,NA,NA,7
"3535",114691,1,40,NA,1,NA
"3536",114692,1,60,NA,3,NA
"3537",114693,1,40,NA,5,NA
"3538",114695,4,NA,NA,NA,1
"3539",114696,1,60,NA,3,NA
"3540",114698,1,40,NA,1,NA
"3541",114699,4,NA,NA,NA,3
"3542",114700,1,43,NA,2,NA
"3543",114701,4,NA,NA,NA,1
"3544",114702,1,32,1,1,NA
"3545",114703,4,NA,NA,NA,4
"3546",114705,1,70,NA,5,NA
"3547",114707,4,NA,NA,NA,3
"3548",114708,1,65,NA,5,NA
"3549",114709,1,40,NA,1,NA
"3550",114712,1,42,NA,3,NA
"3551",114718,1,49,NA,2,NA
"3552",114723,1,30,2,5,NA
"3553",114724,4,NA,NA,NA,3
"3554",114726,4,NA,NA,NA,3
"3555",114728,1,70,NA,5,NA
"3556",114729,4,NA,NA,NA,3
"3557",114731,4,NA,NA,NA,3
"3558",114732,2,NA,2,1,NA
"3559",114733,1,40,NA,3,NA
"3560",114734,3,NA,NA,NA,NA
"3561",114735,2,NA,1,1,NA
"3562",114736,4,NA,NA,NA,3
"3563",114737,4,NA,NA,NA,3
"3564",114738,1,40,NA,1,NA
"3565",114739,1,12,2,5,NA
"3566",114740,1,35,NA,1,NA
"3567",114741,1,60,NA,3,NA
"3568",114744,4,NA,NA,NA,3
"3569",114745,4,NA,NA,NA,3
"3570",114746,1,60,NA,1,NA
"3571",114747,1,50,NA,1,NA
"3572",114748,4,NA,NA,NA,2
"3573",114751,4,NA,NA,NA,4
"3574",114753,1,15,1,3,NA
"3575",114754,1,13,2,2,NA
"3576",114755,1,12,2,1,NA
"3577",114756,3,NA,NA,NA,NA
"3578",114757,4,NA,NA,NA,1
"3579",114758,4,NA,NA,NA,4
"3580",114759,4,NA,NA,NA,2
"3581",114761,4,NA,NA,NA,4
"3582",114762,3,NA,NA,NA,NA
"3583",114764,4,NA,NA,NA,3
"3584",114765,1,40,NA,1,NA
"3585",114769,4,NA,NA,NA,4
"3586",114772,1,50,NA,5,NA
"3587",114773,4,NA,NA,NA,4
"3588",114774,1,50,NA,5,NA
"3589",114775,1,50,NA,2,NA
"3590",114777,1,50,NA,5,NA
"3591",114778,1,40,NA,5,NA
"3592",114782,2,NA,1,1,NA
"3593",114785,1,80,NA,5,NA
"3594",114787,4,NA,NA,NA,4
"3595",114788,1,45,NA,5,NA
"3596",114789,4,NA,NA,NA,4
"3597",114790,4,NA,NA,NA,4
"3598",114791,1,40,NA,1,NA
"3599",114793,4,NA,NA,NA,1
"3600",114795,4,NA,NA,NA,3
"3601",114797,4,NA,NA,NA,7
"3602",114798,4,NA,NA,NA,2
"3603",114799,4,NA,NA,NA,3
"3604",114801,1,40,NA,1,NA
"3605",114802,4,NA,NA,NA,7
"3606",114803,1,27,2,5,NA
"3607",114806,1,31,1,1,NA
"3608",114807,4,NA,NA,NA,7
"3609",114808,1,50,NA,5,NA
"3610",114809,1,40,NA,1,NA
"3611",114810,1,50,NA,2,NA
"3612",114811,4,NA,NA,NA,3
"3613",114813,1,40,NA,5,NA
"3614",114818,1,26,1,1,NA
"3615",114819,1,5,1,2,NA
"3616",114820,4,NA,NA,NA,1
"3617",114821,1,50,NA,5,NA
"3618",114822,1,60,NA,3,NA
"3619",114825,1,50,NA,1,NA
"3620",114826,4,NA,NA,NA,3
"3621",114827,1,50,NA,3,NA
"3622",114828,4,NA,NA,NA,3
"3623",114831,1,70,NA,3,NA
"3624",114834,1,5,2,2,NA
"3625",114835,1,39,NA,5,NA
"3626",114838,4,NA,NA,NA,4
"3627",114840,4,NA,NA,NA,3
"3628",114841,1,20,2,1,NA
"3629",114842,4,NA,NA,NA,3
"3630",114843,1,40,NA,2,NA
"3631",114845,4,NA,NA,NA,3
"3632",114846,4,NA,NA,NA,3
"3633",114847,3,NA,NA,NA,NA
"3634",114848,1,30,2,2,NA
"3635",114849,4,NA,NA,NA,3
"3636",114850,4,NA,NA,NA,1
"3637",114851,1,55,NA,3,NA
"3638",114852,1,6,2,5,NA
"3639",114853,4,NA,NA,NA,3
"3640",114856,3,NA,NA,NA,NA
"3641",114858,1,32,1,1,NA
"3642",114859,4,NA,NA,NA,3
"3643",114861,4,NA,NA,NA,3
"3644",114862,1,40,NA,1,NA
"3645",114863,1,40,NA,1,NA
"3646",114864,1,15,2,5,NA
"3647",114865,1,70,NA,1,NA
"3648",114867,4,NA,NA,NA,3
"3649",114868,1,40,NA,5,NA
"3650",114870,1,40,NA,5,NA
"3651",114871,4,NA,NA,NA,1
"3652",114872,1,40,NA,1,NA
"3653",114876,1,40,NA,3,NA
"3654",114877,1,50,NA,5,NA
"3655",114879,3,NA,NA,NA,NA
"3656",114880,1,50,NA,5,NA
"3657",114883,4,NA,NA,NA,1
"3658",114884,4,NA,NA,NA,7
"3659",114886,4,NA,NA,NA,3
"3660",114889,1,14,1,1,NA
"3661",114890,1,40,NA,5,NA
"3662",114893,1,28,1,5,NA
"3663",114894,3,NA,NA,NA,NA
"3664",114895,1,48,NA,5,NA
"3665",114897,4,NA,NA,NA,3
"3666",114898,4,NA,NA,NA,3
"3667",114901,1,40,NA,3,NA
"3668",114902,4,NA,NA,NA,3
"3669",114903,4,NA,NA,NA,3
"3670",114905,1,38,NA,1,NA
"3671",114906,1,42,NA,3,NA
"3672",114907,1,40,NA,5,NA
"3673",114908,1,60,NA,5,NA
"3674",114909,1,10,2,5,NA
"3675",114910,4,NA,NA,NA,7
"3676",114911,1,40,NA,1,NA
"3677",114912,1,24,1,1,NA
"3678",114913,1,40,NA,2,NA
"3679",114914,4,NA,NA,NA,3
"3680",114915,4,NA,NA,NA,1
"3681",114916,1,44,NA,2,NA
"3682",114917,4,NA,NA,NA,3
"3683",114919,1,20,1,5,NA
"3684",114922,4,NA,NA,NA,3
"3685",114924,4,NA,NA,NA,3
"3686",114925,2,NA,2,2,NA
"3687",114926,1,40,NA,2,NA
"3688",114927,4,NA,NA,NA,7
"3689",114928,1,24,1,5,NA
"3690",114929,1,40,NA,5,NA
"3691",114931,1,40,NA,5,NA
"3692",114932,1,48,NA,3,NA
"3693",114933,1,40,NA,5,NA
"3694",114934,3,NA,NA,NA,NA
"3695",114935,1,38,NA,1,NA
"3696",114936,1,36,NA,5,NA
"3697",114937,1,16,1,5,NA
"3698",114938,4,NA,NA,NA,2
"3699",114940,4,NA,NA,NA,3
"3700",114941,1,38,NA,1,NA
"3701",114942,4,NA,NA,NA,7
"3702",114943,1,20,2,2,NA
"3703",114944,1,40,NA,1,NA
"3704",114948,4,NA,NA,NA,3
"3705",114950,4,NA,NA,NA,3
"3706",114952,4,NA,NA,NA,2
"3707",114953,1,35,NA,1,NA
"3708",114954,1,40,NA,1,NA
"3709",114955,1,55,NA,5,NA
"3710",114958,4,NA,NA,NA,4
"3711",114961,4,NA,NA,NA,3
"3712",114962,4,NA,NA,NA,4
"3713",114963,4,NA,NA,NA,3
"3714",114965,4,NA,NA,NA,3
"3715",114966,1,36,NA,2,NA
"3716",114967,4,NA,NA,NA,4
"3717",114968,4,NA,NA,NA,7
"3718",114970,1,35,NA,1,NA
"3719",114971,4,NA,NA,NA,3
"3720",114973,1,5,2,5,NA
"3721",114974,4,NA,NA,NA,2
"3722",114975,1,52,NA,5,NA
"3723",114977,4,NA,NA,NA,3
"3724",114978,1,40,NA,1,NA
"3725",114979,1,50,NA,5,NA
"3726",114980,3,NA,NA,NA,NA
"3727",114982,4,NA,NA,NA,3
"3728",114984,1,40,NA,1,NA
"3729",114985,4,NA,NA,NA,3
"3730",114986,1,45,NA,1,NA
"3731",114988,1,40,NA,1,NA
"3732",114989,3,NA,NA,NA,NA
"3733",114990,1,70,NA,3,NA
"3734",114991,1,14,2,3,NA
"3735",114993,1,50,NA,1,NA
"3736",114994,1,40,NA,1,NA
"3737",114995,4,NA,NA,NA,4
"3738",114996,1,40,NA,2,NA
"3739",114997,1,80,NA,5,NA
"3740",114998,4,NA,NA,NA,3
"3741",114999,1,48,NA,5,NA
"3742",115001,4,NA,NA,NA,2
"3743",115003,1,40,NA,1,NA
"3744",115004,3,NA,NA,NA,NA
"3745",115005,1,40,NA,5,NA
"3746",115006,4,NA,NA,NA,7
"3747",115007,1,40,NA,1,NA
"3748",115008,1,38,NA,1,NA
"3749",115009,3,NA,NA,NA,NA
"3750",115012,1,26,1,3,NA
"3751",115013,1,80,NA,5,NA
"3752",115015,4,NA,NA,NA,3
"3753",115016,1,30,2,5,NA
"3754",115018,4,NA,NA,NA,3
"3755",115020,3,NA,NA,NA,NA
"3756",115021,1,40,NA,5,NA
"3757",115023,4,NA,NA,NA,7
"3758",115025,4,NA,NA,NA,4
"3759",115028,1,40,NA,1,NA
"3760",115030,4,NA,NA,NA,4
"3761",115034,1,40,NA,1,NA
"3762",115035,1,80,NA,5,NA
"3763",115036,1,51,NA,1,NA
"3764",115037,1,40,NA,1,NA
"3765",115039,1,40,NA,3,NA
"3766",115042,3,NA,NA,NA,NA
"3767",115043,4,NA,NA,NA,2
"3768",115044,1,10,1,2,NA
"3769",115045,2,NA,2,5,NA
"3770",115046,3,NA,NA,NA,NA
"3771",115047,1,64,NA,3,NA
"3772",115048,4,NA,NA,NA,3
"3773",115050,4,NA,NA,NA,3
"3774",115051,1,40,NA,2,NA
"3775",115052,1,15,2,2,NA
"3776",115053,4,NA,NA,NA,7
"3777",115055,4,NA,NA,NA,7
"3778",115056,1,50,NA,5,NA
"3779",115057,4,NA,NA,NA,3
"3780",115058,4,NA,NA,NA,4
"3781",115060,1,35,NA,2,NA
"3782",115063,1,60,NA,5,NA
"3783",115064,4,NA,NA,NA,4
"3784",115065,1,40,NA,1,NA
"3785",115066,1,50,NA,5,NA
"3786",115067,3,NA,NA,NA,NA
"3787",115068,1,6,2,3,NA
"3788",115069,1,30,1,5,NA
"3789",115070,4,NA,NA,NA,1
"3790",115071,1,50,NA,3,NA
"3791",115072,1,14,2,3,NA
"3792",115073,4,NA,NA,NA,3
"3793",115074,1,40,NA,1,NA
"3794",115077,1,30,2,5,NA
"3795",115079,1,20,1,1,NA
"3796",115080,1,50,NA,1,NA
"3797",115081,4,NA,NA,NA,3
"3798",115082,1,40,NA,1,NA
"3799",115083,4,NA,NA,NA,3
"3800",115084,1,40,NA,3,NA
"3801",115085,4,NA,NA,NA,4
"3802",115088,3,NA,NA,NA,NA
"3803",115089,4,NA,NA,NA,7
"3804",115090,1,50,NA,1,NA
"3805",115091,4,NA,NA,NA,3
"3806",115094,1,40,NA,1,NA
"3807",115095,4,NA,NA,NA,4
"3808",115096,4,NA,NA,NA,3
"3809",115097,1,30,1,1,NA
"3810",115099,1,70,NA,5,NA
"3811",115100,1,40,NA,1,NA
"3812",115101,4,NA,NA,NA,3
"3813",115103,1,60,NA,1,NA
"3814",115104,4,NA,NA,NA,3
"3815",115105,1,45,NA,5,NA
"3816",115109,1,48,NA,1,NA
"3817",115110,1,8,2,5,NA
"3818",115112,1,52,NA,3,NA
"3819",115120,1,55,NA,5,NA
"3820",115122,1,40,NA,1,NA
"3821",115123,4,NA,NA,NA,3
"3822",115124,4,NA,NA,NA,2
"3823",115126,3,NA,NA,NA,NA
"3824",115127,4,NA,NA,NA,4
"3825",115129,3,NA,NA,NA,NA
"3826",115130,3,NA,NA,NA,NA
"3827",115131,4,NA,NA,NA,4
"3828",115133,1,36,NA,1,NA
"3829",115137,4,NA,NA,NA,3
"3830",115138,4,NA,NA,NA,4
"3831",115140,4,NA,NA,NA,3
"3832",115141,1,50,NA,1,NA
"3833",115142,4,NA,NA,NA,4
"3834",115143,1,40,NA,5,NA
"3835",115144,4,NA,NA,NA,4
"3836",115146,4,NA,NA,NA,3
"3837",115147,1,25,2,5,NA
"3838",115150,4,NA,NA,NA,3
"3839",115151,1,60,NA,1,NA
"3840",115152,4,NA,NA,NA,7
"3841",115154,4,NA,NA,NA,4
"3842",115155,1,40,NA,2,NA
"3843",115156,1,40,NA,1,NA
"3844",115157,4,NA,NA,NA,7
"3845",115159,1,5,2,2,NA
"3846",115160,1,9,2,1,NA
"3847",115161,4,NA,NA,NA,3
"3848",115164,1,36,NA,3,NA
"3849",115165,4,NA,NA,NA,2
"3850",115168,1,42,NA,1,NA
"3851",115169,1,5,2,5,NA
"3852",115170,1,30,1,5,NA
"3853",115171,4,NA,NA,NA,3
"3854",115172,4,NA,NA,NA,7
"3855",115173,4,NA,NA,NA,3
"3856",115175,4,NA,NA,NA,3
"3857",115178,1,99999,1,5,NA
"3858",115179,1,40,NA,3,NA
"3859",115181,1,45,NA,3,NA
"3860",115182,4,NA,NA,NA,1
"3861",115185,1,40,NA,5,NA
"3862",115186,1,25,2,1,NA
"3863",115187,4,NA,NA,NA,4
"3864",115188,1,10,1,2,NA
"3865",115189,4,NA,NA,NA,3
"3866",115190,4,NA,NA,NA,3
"3867",115191,4,NA,NA,NA,2
"3868",115192,4,NA,NA,NA,3
"3869",115193,1,45,NA,1,NA
"3870",115194,4,NA,NA,NA,2
"3871",115196,4,NA,NA,NA,4
"3872",115198,3,NA,NA,NA,NA
"3873",115200,4,NA,NA,NA,2
"3874",115201,4,NA,NA,NA,3
"3875",115202,4,NA,NA,NA,4
"3876",115203,1,60,NA,5,NA
"3877",115205,1,40,NA,5,NA
"3878",115206,4,NA,NA,NA,4
"3879",115208,4,NA,NA,NA,2
"3880",115210,1,40,NA,5,NA
"3881",115212,4,NA,NA,NA,3
"3882",115213,1,30,1,5,NA
"3883",115215,4,NA,NA,NA,4
"3884",115217,1,24,2,2,NA
"3885",115218,4,NA,NA,NA,3
"3886",115219,4,NA,NA,NA,1
"3887",115220,1,16,2,5,NA
"3888",115221,1,56,NA,3,NA
"3889",115225,4,NA,NA,NA,4
"3890",115226,4,NA,NA,NA,3
"3891",115228,1,12,2,3,NA
"3892",115229,1,40,NA,5,NA
"3893",115230,1,40,NA,1,NA
"3894",115231,4,NA,NA,NA,4
"3895",115232,1,35,NA,1,NA
"3896",115234,4,NA,NA,NA,3
"3897",115235,4,NA,NA,NA,4
"3898",115236,1,20,2,5,NA
"3899",115238,1,40,NA,5,NA
"3900",115240,1,80,NA,5,NA
"3901",115242,4,NA,NA,NA,7
"3902",115243,1,50,NA,5,NA
"3903",115244,1,80,NA,5,NA
"3904",115245,1,20,1,2,NA
"3905",115247,1,10,2,5,NA
"3906",115249,1,40,NA,3,NA
"3907",115250,1,20,2,5,NA
"3908",115251,1,50,NA,5,NA
"3909",115252,1,40,NA,1,NA
"3910",115253,1,40,NA,2,NA
"3911",115254,4,NA,NA,NA,4
"3912",115255,1,60,NA,5,NA
"3913",115257,1,40,NA,5,NA
"3914",115258,1,20,2,2,NA
"3915",115260,2,NA,1,2,NA
"3916",115261,3,NA,NA,NA,NA
"3917",115262,4,NA,NA,NA,3
"3918",115263,4,NA,NA,NA,3
"3919",115265,4,NA,NA,NA,3
"3920",115266,4,NA,NA,NA,3
"3921",115267,4,NA,NA,NA,2
"3922",115269,1,20,1,5,NA
"3923",115270,4,NA,NA,NA,1
"3924",115272,4,NA,NA,NA,3
"3925",115273,4,NA,NA,NA,4
"3926",115275,4,NA,NA,NA,2
"3927",115276,4,NA,NA,NA,2
"3928",115277,1,37,NA,1,NA
"3929",115279,4,NA,NA,NA,3
"3930",115280,1,50,NA,1,NA
"3931",115281,1,32,1,3,NA
"3932",115283,1,20,2,5,NA
"3933",115284,1,40,NA,3,NA
"3934",115286,1,28,2,1,NA
"3935",115287,1,30,2,5,NA
"3936",115288,4,NA,NA,NA,4
"3937",115289,1,40,NA,1,NA
"3938",115290,1,50,NA,1,NA
"3939",115292,4,NA,NA,NA,3
"3940",115294,1,50,NA,1,NA
"3941",115295,4,NA,NA,NA,4
"3942",115297,4,NA,NA,NA,3
"3943",115299,4,NA,NA,NA,1
"3944",115300,1,20,1,1,NA
"3945",115303,4,NA,NA,NA,4
"3946",115304,4,NA,NA,NA,3
"3947",115305,1,40,NA,2,NA
"3948",115307,1,24,2,1,NA
"3949",115308,1,40,NA,5,NA
"3950",115309,4,NA,NA,NA,3
"3951",115310,4,NA,NA,NA,4
"3952",115312,4,NA,NA,NA,3
"3953",115313,1,40,NA,1,NA
"3954",115314,3,NA,NA,NA,NA
"3955",115316,1,30,1,1,NA
"3956",115317,1,32,1,5,NA
"3957",115319,2,NA,1,9,NA
"3958",115320,1,45,NA,2,NA
"3959",115323,1,10,1,1,NA
"3960",115324,1,22,2,2,NA
"3961",115325,1,40,NA,1,NA
"3962",115326,1,22,2,3,NA
"3963",115328,1,40,NA,1,NA
"3964",115330,4,NA,NA,NA,3
"3965",115331,1,30,2,5,NA
"3966",115332,1,24,2,1,NA
"3967",115333,1,60,NA,5,NA
"3968",115334,4,NA,NA,NA,3
"3969",115335,4,NA,NA,NA,4
"3970",115336,1,43,NA,5,NA
"3971",115337,1,55,NA,1,NA
"3972",115338,1,44,NA,1,NA
"3973",115341,4,NA,NA,NA,3
"3974",115342,1,35,NA,3,NA
"3975",115346,4,NA,NA,NA,1
"3976",115348,4,NA,NA,NA,3
"3977",115350,1,40,NA,2,NA
"3978",115351,4,NA,NA,NA,1
"3979",115354,1,40,NA,1,NA
"3980",115355,1,10,2,5,NA
"3981",115356,1,20,2,5,NA
"3982",115358,4,NA,NA,NA,3
"3983",115359,1,63,NA,2,NA
"3984",115362,1,40,NA,1,NA
"3985",115363,4,NA,NA,NA,4
"3986",115365,1,40,NA,1,NA
"3987",115367,1,70,NA,5,NA
"3988",115369,4,NA,NA,NA,4
"3989",115370,4,NA,NA,NA,1
"3990",115371,4,NA,NA,NA,3
"3991",115374,4,NA,NA,NA,1
"3992",115375,1,40,NA,1,NA
"3993",115376,4,NA,NA,NA,4
"3994",115377,1,40,NA,1,NA
"3995",115378,1,30,2,5,NA
"3996",115379,1,14,2,5,NA
"3997",115380,1,70,NA,3,NA
"3998",115382,1,43,NA,1,NA
"3999",115383,4,NA,NA,NA,3
"4000",115386,1,51,NA,2,NA
"4001",115387,1,40,NA,1,NA
"4002",115388,1,57,NA,5,NA
"4003",115390,1,40,NA,1,NA
"4004",115391,3,NA,NA,NA,NA
"4005",115393,1,36,NA,5,NA
"4006",115394,1,50,NA,1,NA
"4007",115395,4,NA,NA,NA,3
"4008",115396,1,24,2,2,NA
"4009",115398,1,40,NA,2,NA
"4010",115401,1,48,NA,1,NA
"4011",115402,4,NA,NA,NA,3
"4012",115403,1,33,2,5,NA
"4013",115406,1,12,1,1,NA
"4014",115407,4,NA,NA,NA,1
"4015",115409,1,65,NA,5,NA
"4016",115410,1,48,NA,5,NA
"4017",115411,1,44,NA,1,NA
"4018",115412,4,NA,NA,NA,7
"4019",115415,1,70,NA,5,NA
"4020",115416,4,NA,NA,NA,3
"4021",115417,1,32,1,3,NA
"4022",115418,1,40,NA,2,NA
"4023",115419,4,NA,NA,NA,4
"4024",115421,4,NA,NA,NA,4
"4025",115422,4,NA,NA,NA,3
"4026",115423,1,48,NA,5,NA
"4027",115426,4,NA,NA,NA,3
"4028",115428,1,60,NA,5,NA
"4029",115430,1,30,2,1,NA
"4030",115431,1,40,NA,5,NA
"4031",115432,1,8,1,1,NA
"4032",115435,4,NA,NA,NA,2
"4033",115437,4,NA,NA,NA,3
"4034",115438,1,50,NA,5,NA
"4035",115439,4,NA,NA,NA,3
"4036",115440,4,NA,NA,NA,3
"4037",115441,4,NA,NA,NA,3
"4038",115442,4,NA,NA,NA,3
"4039",115443,1,18,2,1,NA
"4040",115444,1,40,NA,3,NA
"4041",115445,1,69,NA,3,NA
"4042",115446,1,24,2,2,NA
"4043",115447,4,NA,NA,NA,2
"4044",115448,4,NA,NA,NA,1
"4045",115449,3,NA,NA,NA,NA
"4046",115450,1,47,NA,3,NA
"4047",115452,1,40,NA,2,NA
"4048",115453,3,NA,NA,NA,NA
"4049",115454,2,NA,2,5,NA
"4050",115455,1,24,2,2,NA
"4051",115458,1,40,NA,3,NA
"4052",115459,1,8,1,3,NA
"4053",115465,1,45,NA,5,NA
"4054",115466,1,54,NA,5,NA
"4055",115467,1,40,NA,2,NA
"4056",115468,4,NA,NA,NA,3
"4057",115469,1,50,NA,5,NA
"4058",115470,1,46,NA,3,NA
"4059",115471,1,40,NA,2,NA
"4060",115472,1,50,NA,5,NA
"4061",115474,4,NA,NA,NA,3
"4062",115478,4,NA,NA,NA,3
"4063",115479,1,40,NA,5,NA
"4064",115480,1,60,NA,3,NA
"4065",115482,1,32,2,5,NA
"4066",115484,4,NA,NA,NA,4
"4067",115485,4,NA,NA,NA,4
"4068",115487,1,52,NA,5,NA
"4069",115488,4,NA,NA,NA,7
"4070",115489,4,NA,NA,NA,4
"4071",115490,1,50,NA,3,NA
"4072",115491,1,52,NA,1,NA
"4073",115492,1,46,NA,5,NA
"4074",115493,4,NA,NA,NA,3
"4075",115494,4,NA,NA,NA,3
"4076",115495,1,40,NA,3,NA
"4077",115498,4,NA,NA,NA,3
"4078",115499,1,32,1,1,NA
"4079",115501,4,NA,NA,NA,3
"4080",115503,4,NA,NA,NA,3
"4081",115504,4,NA,NA,NA,7
"4082",115506,1,32,1,5,NA
"4083",115509,1,46,NA,1,NA
"4084",115510,1,40,NA,5,NA
"4085",115511,1,40,NA,3,NA
"4086",115512,4,NA,NA,NA,7
"4087",115514,3,NA,NA,NA,NA
"4088",115515,4,NA,NA,NA,4
"4089",115516,4,NA,NA,NA,3
"4090",115518,4,NA,NA,NA,4
"4091",115520,1,40,NA,3,NA
"4092",115521,4,NA,NA,NA,3
"4093",115524,4,NA,NA,NA,3
"4094",115525,3,NA,NA,NA,NA
"4095",115526,4,NA,NA,NA,3
"4096",115530,3,NA,NA,NA,NA
"4097",115531,4,NA,NA,NA,3
"4098",115532,1,58,NA,5,NA
"4099",115533,4,NA,NA,NA,2
"4100",115534,4,NA,NA,NA,7
"4101",115538,1,48,NA,2,NA
"4102",115539,4,NA,NA,NA,2
"4103",115542,1,5,2,1,NA
"4104",115543,4,NA,NA,NA,2
"4105",115544,1,40,NA,5,NA
"4106",115545,1,30,2,5,NA
"4107",115546,1,30,1,5,NA
"4108",115547,1,38,NA,2,NA
"4109",115550,4,NA,NA,NA,4
"4110",115551,3,NA,NA,NA,NA
"4111",115554,1,32,2,5,NA
"4112",115558,1,25,2,5,NA
"4113",115559,1,41,NA,1,NA
"4114",115560,4,NA,NA,NA,4
"4115",115562,4,NA,NA,NA,2
"4116",115563,1,23,1,1,NA
"4117",115566,4,NA,NA,NA,3
"4118",115569,1,52,NA,5,NA
"4119",115570,4,NA,NA,NA,3
"4120",115572,4,NA,NA,NA,2
"4121",115573,1,36,NA,1,NA
"4122",115574,1,26,1,1,NA
"4123",115575,4,NA,NA,NA,3
"4124",115577,3,NA,NA,NA,NA
"4125",115578,1,32,1,1,NA
"4126",115579,1,50,NA,1,NA
"4127",115580,4,NA,NA,NA,7
"4128",115581,4,NA,NA,NA,3
"4129",115583,4,NA,NA,NA,3
"4130",115584,4,NA,NA,NA,4
"4131",115585,4,NA,NA,NA,3
"4132",115586,1,40,NA,5,NA
"4133",115587,4,NA,NA,NA,4
"4134",115588,4,NA,NA,NA,3
"4135",115590,3,NA,NA,NA,NA
"4136",115591,4,NA,NA,NA,4
"4137",115592,1,42,NA,5,NA
"4138",115593,4,NA,NA,NA,7
"4139",115594,3,NA,NA,NA,NA
"4140",115595,4,NA,NA,NA,3
"4141",115596,1,32,2,2,NA
"4142",115598,1,60,NA,5,NA
"4143",115599,1,50,NA,5,NA
"4144",115600,4,NA,NA,NA,3
"4145",115601,1,40,NA,1,NA
"4146",115603,4,NA,NA,NA,4
"4147",115604,1,40,NA,5,NA
"4148",115605,4,NA,NA,NA,4
"4149",115606,1,40,NA,1,NA
"4150",115608,1,43,NA,1,NA
"4151",115609,4,NA,NA,NA,4
"4152",115611,3,NA,NA,NA,NA
"4153",115613,4,NA,NA,NA,4
"4154",115614,1,40,NA,1,NA
"4155",115615,1,26,2,3,NA
"4156",115617,1,40,NA,2,NA
"4157",115621,1,42,NA,1,NA
"4158",115624,1,40,NA,2,NA
"4159",115629,1,40,NA,1,NA
"4160",115632,1,51,NA,2,NA
"4161",115634,1,40,NA,1,NA
"4162",115636,1,25,2,1,NA
"4163",115638,1,27,1,3,NA
"4164",115639,4,NA,NA,NA,3
"4165",115643,1,48,NA,5,NA
"4166",115644,4,NA,NA,NA,1
"4167",115645,1,23,2,5,NA
"4168",115646,3,NA,NA,NA,NA
"4169",115647,4,NA,NA,NA,1
"4170",115648,4,NA,NA,NA,1
"4171",115649,4,NA,NA,NA,4
"4172",115651,1,68,NA,3,NA
"4173",115652,1,45,NA,1,NA
"4174",115656,4,NA,NA,NA,4
"4175",115657,1,40,NA,1,NA
"4176",115659,4,NA,NA,NA,1
"4177",115660,1,56,NA,3,NA
"4178",115661,4,NA,NA,NA,3
"4179",115662,4,NA,NA,NA,3
"4180",115663,4,NA,NA,NA,3
"4181",115665,1,40,NA,1,NA
"4182",115666,4,NA,NA,NA,4
"4183",115668,4,NA,NA,NA,1
"4184",115669,1,40,NA,3,NA
"4185",115670,4,NA,NA,NA,3
"4186",115671,1,20,2,3,NA
"4187",115673,1,28,1,5,NA
"4188",115674,2,NA,1,5,NA
"4189",115675,4,NA,NA,NA,1
"4190",115676,4,NA,NA,NA,3
"4191",115677,1,38,NA,1,NA
"4192",115678,4,NA,NA,NA,4
"4193",115679,4,NA,NA,NA,4
"4194",115680,1,40,NA,1,NA
"4195",115683,1,40,NA,1,NA
"4196",115686,4,NA,NA,NA,4
"4197",115687,1,42,NA,1,NA
"4198",115690,4,NA,NA,NA,2
"4199",115692,4,NA,NA,NA,3
"4200",115697,2,NA,1,5,NA
"4201",115698,1,40,NA,1,NA
"4202",115701,4,NA,NA,NA,3
"4203",115702,4,NA,NA,NA,4
"4204",115705,1,45,NA,5,NA
"4205",115706,1,14,2,2,NA
"4206",115709,4,NA,NA,NA,3
"4207",115710,1,60,NA,5,NA
"4208",115711,4,NA,NA,NA,3
"4209",115712,4,NA,NA,NA,7
"4210",115714,4,NA,NA,NA,3
"4211",115715,4,NA,NA,NA,3
"4212",115718,4,NA,NA,NA,3
"4213",115720,4,NA,NA,NA,4
"4214",115724,3,NA,NA,NA,NA
"4215",115727,4,NA,NA,NA,3
"4216",115728,2,NA,1,5,NA
"4217",115729,1,27,2,2,NA
"4218",115731,4,NA,NA,NA,7
"4219",115732,1,80,NA,5,NA
"4220",115733,1,38,NA,3,NA
"4221",115735,4,NA,NA,NA,1
"4222",115736,4,NA,NA,NA,4
"4223",115737,4,NA,NA,NA,3
"4224",115739,1,40,NA,5,NA
"4225",115740,4,NA,NA,NA,4
"4226",115741,4,NA,NA,NA,2
"4227",115742,1,35,NA,5,NA
"4228",115743,4,NA,NA,NA,3
"4229",115744,4,NA,NA,NA,3
"4230",115746,4,NA,NA,NA,3
"4231",115747,4,NA,NA,NA,3
"4232",115749,4,NA,NA,NA,3
"4233",115750,1,40,NA,1,NA
"4234",115751,1,45,NA,1,NA
"4235",115752,4,NA,NA,NA,4
"4236",115753,4,NA,NA,NA,3
"4237",115754,1,40,NA,5,NA
"4238",115756,4,NA,NA,NA,1
"4239",115757,4,NA,NA,NA,3
"4240",115759,1,30,2,1,NA
"4241",115760,4,NA,NA,NA,3
"4242",115762,4,NA,NA,NA,4
"4243",115764,1,35,NA,2,NA
"4244",115766,1,45,NA,5,NA
"4245",115767,1,40,NA,2,NA
"4246",115770,1,48,NA,5,NA
"4247",115772,1,35,NA,1,NA
"4248",115776,1,20,1,5,NA
"4249",115777,1,28,2,3,NA
"4250",115778,4,NA,NA,NA,2
"4251",115779,9,NA,NA,NA,NA
"4252",115780,1,41,NA,1,NA
"4253",115782,4,NA,NA,NA,3
"4254",115783,4,NA,NA,NA,7
"4255",115785,1,50,NA,1,NA
"4256",115788,4,NA,NA,NA,3
"4257",115791,1,45,NA,5,NA
"4258",115792,1,40,NA,5,NA
"4259",115793,1,48,NA,1,NA
"4260",115796,1,40,NA,3,NA
"4261",115797,1,40,NA,1,NA
"4262",115798,1,40,NA,3,NA
"4263",115800,1,38,NA,1,NA
"4264",115801,1,48,NA,1,NA
"4265",115802,4,NA,NA,NA,7
"4266",115803,1,50,NA,1,NA
"4267",115804,4,NA,NA,NA,3
"4268",115805,1,40,NA,5,NA
"4269",115806,1,7,2,1,NA
"4270",115807,4,NA,NA,NA,3
"4271",115808,4,NA,NA,NA,3
"4272",115809,1,20,2,2,NA
"4273",115811,1,17,2,1,NA
"4274",115813,4,NA,NA,NA,1
"4275",115814,4,NA,NA,NA,3
"4276",115815,4,NA,NA,NA,3
"4277",115816,1,25,2,5,NA
"4278",115817,4,NA,NA,NA,3
"4279",115818,4,NA,NA,NA,3
"4280",115820,1,20,1,3,NA
"4281",115822,1,5,2,3,NA
"4282",115824,4,NA,NA,NA,4
"4283",115825,4,NA,NA,NA,1
"4284",115827,1,53,NA,3,NA
"4285",115829,1,40,NA,5,NA
"4286",115831,4,NA,NA,NA,4
"4287",115833,1,20,1,5,NA
"4288",115834,4,NA,NA,NA,3
"4289",115841,4,NA,NA,NA,4
"4290",115842,4,NA,NA,NA,7
"4291",115843,4,NA,NA,NA,3
"4292",115844,1,39,NA,2,NA
"4293",115846,1,32,1,5,NA
"4294",115848,1,50,NA,1,NA
"4295",115849,1,40,NA,5,NA
"4296",115850,1,37,NA,1,NA
"4297",115851,4,NA,NA,NA,1
"4298",115853,1,42,NA,1,NA
"4299",115854,1,40,NA,1,NA
"4300",115855,1,40,NA,1,NA
"4301",115856,4,NA,NA,NA,4
"4302",115858,4,NA,NA,NA,3
"4303",115859,3,NA,NA,NA,NA
"4304",115860,1,5,1,5,NA
"4305",115861,4,NA,NA,NA,3
"4306",115862,1,66,NA,5,NA
"4307",115864,3,NA,NA,NA,NA
"4308",115865,4,NA,NA,NA,2
"4309",115867,3,NA,NA,NA,NA
"4310",115868,4,NA,NA,NA,4
"4311",115874,2,NA,1,1,NA
"4312",115875,4,NA,NA,NA,3
"4313",115876,4,NA,NA,NA,4
"4314",115878,1,43,NA,1,NA
"4315",115879,1,40,NA,1,NA
"4316",115880,3,NA,NA,NA,NA
"4317",115882,4,NA,NA,NA,3
"4318",115883,4,NA,NA,NA,4
"4319",115884,4,NA,NA,NA,3
"4320",115885,1,32,1,3,NA
"4321",115886,4,NA,NA,NA,3
"4322",115887,4,NA,NA,NA,7
"4323",115888,1,12,2,5,NA
"4324",115889,4,NA,NA,NA,4
"4325",115891,1,8,2,5,NA
"4326",115892,4,NA,NA,NA,2
"4327",115894,4,NA,NA,NA,3
"4328",115895,4,NA,NA,NA,3
"4329",115897,3,NA,NA,NA,NA
"4330",115898,1,40,NA,2,NA
"4331",115902,1,35,NA,3,NA
"4332",115904,1,40,NA,1,NA
"4333",115907,1,62,NA,5,NA
"4334",115908,1,40,NA,2,NA
"4335",115909,1,36,NA,1,NA
"4336",115910,4,NA,NA,NA,4
"4337",115912,2,NA,1,1,NA
"4338",115913,2,NA,2,3,NA
"4339",115914,4,NA,NA,NA,3
"4340",115915,1,28,2,2,NA
"4341",115917,1,22,2,3,NA
"4342",115923,1,46,NA,1,NA
"4343",115924,1,40,NA,1,NA
"4344",115925,2,NA,1,5,NA
"4345",115926,1,40,NA,2,NA
"4346",115927,1,5,2,1,NA
"4347",115928,4,NA,NA,NA,3
"4348",115929,1,40,NA,5,NA
"4349",115930,4,NA,NA,NA,2
"4350",115931,1,80,NA,5,NA
"4351",115933,1,6,2,2,NA
"4352",115934,4,NA,NA,NA,3
"4353",115935,2,NA,1,3,NA
"4354",115936,4,NA,NA,NA,3
"4355",115939,1,40,NA,3,NA
"4356",115942,4,NA,NA,NA,4
"4357",115943,1,24,2,1,NA
"4358",115944,1,24,1,1,NA
"4359",115945,4,NA,NA,NA,3
"4360",115947,1,15,2,5,NA
"4361",115948,4,NA,NA,NA,7
"4362",115950,1,5,2,5,NA
"4363",115951,2,NA,1,5,NA
"4364",115952,4,NA,NA,NA,2
"4365",115953,4,NA,NA,NA,1
"4366",115955,1,40,NA,5,NA
"4367",115956,4,NA,NA,NA,4
"4368",115957,4,NA,NA,NA,3
"4369",115958,1,37,NA,3,NA
"4370",115959,2,NA,1,1,NA
"4371",115961,1,72,NA,2,NA
"4372",115962,4,NA,NA,NA,1
"4373",115963,4,NA,NA,NA,3
"4374",115965,4,NA,NA,NA,3
"4375",115968,4,NA,NA,NA,3
"4376",115969,1,40,NA,1,NA
"4377",115972,4,NA,NA,NA,3
"4378",115974,1,12,2,5,NA
"4379",115975,4,NA,NA,NA,1
"4380",115976,1,48,NA,5,NA
"4381",115978,1,40,NA,1,NA
"4382",115979,1,30,1,1,NA
"4383",115982,1,36,NA,1,NA
"4384",115983,4,NA,NA,NA,3
"4385",115985,1,35,NA,1,NA
"4386",115986,1,38,NA,5,NA
"4387",115988,1,22,2,5,NA
"4388",115989,1,70,NA,5,NA
"4389",115990,1,40,NA,2,NA
"4390",115991,4,NA,NA,NA,1
"4391",115992,4,NA,NA,NA,3
"4392",115993,4,NA,NA,NA,3
"4393",115994,4,NA,NA,NA,4
"4394",115995,2,NA,2,5,NA
"4395",115996,4,NA,NA,NA,3
"4396",115997,1,41,NA,5,NA
"4397",115998,1,40,NA,3,NA
"4398",115999,1,59,NA,5,NA
"4399",116000,1,30,2,2,NA
"4400",116001,1,42,NA,5,NA
"4401",116002,1,20,1,3,NA
"4402",116003,3,NA,NA,NA,NA
"4403",116004,1,16,1,1,NA
"4404",116005,1,32,1,5,NA
"4405",116008,4,NA,NA,NA,3
"4406",116009,1,40,NA,1,NA
"4407",116010,4,NA,NA,NA,3
"4408",116012,4,NA,NA,NA,3
"4409",116013,4,NA,NA,NA,4
"4410",116014,1,40,NA,1,NA
"4411",116016,1,45,NA,2,NA
"4412",116018,1,10,2,5,NA
"4413",116019,4,NA,NA,NA,3
"4414",116021,1,40,NA,3,NA
"4415",116022,4,NA,NA,NA,4
"4416",116026,4,NA,NA,NA,2
"4417",116027,1,42,NA,1,NA
"4418",116028,1,30,1,5,NA
"4419",116029,1,27,1,5,NA
"4420",116030,4,NA,NA,NA,3
"4421",116031,1,60,NA,5,NA
"4422",116035,1,39,NA,2,NA
"4423",116036,1,40,NA,2,NA
"4424",116038,4,NA,NA,NA,4
"4425",116041,1,37,NA,3,NA
"4426",116042,1,42,NA,2,NA
"4427",116043,4,NA,NA,NA,3
"4428",116044,4,NA,NA,NA,3
"4429",116045,1,50,NA,5,NA
"4430",116046,4,NA,NA,NA,1
"4431",116050,1,40,NA,1,NA
"4432",116051,4,NA,NA,NA,4
"4433",116052,2,NA,2,5,NA
"4434",116053,4,NA,NA,NA,2
"4435",116054,4,NA,NA,NA,7
"4436",116056,4,NA,NA,NA,3
"4437",116057,1,15,2,1,NA
"4438",116061,1,29,2,5,NA
"4439",116062,3,NA,NA,NA,NA
"4440",116065,1,25,2,5,NA
"4441",116066,4,NA,NA,NA,3
"4442",116067,1,30,1,1,NA
"4443",116069,4,NA,NA,NA,2
"4444",116070,4,NA,NA,NA,3
"4445",116071,1,60,NA,1,NA
"4446",116072,1,25,1,5,NA
"4447",116073,4,NA,NA,NA,7
"4448",116074,1,40,NA,1,NA
"4449",116075,1,60,NA,5,NA
"4450",116076,4,NA,NA,NA,7
"4451",116077,1,45,NA,1,NA
"4452",116078,1,43,NA,1,NA
"4453",116079,1,70,NA,1,NA
"4454",116081,1,40,NA,1,NA
"4455",116084,4,NA,NA,NA,4
"4456",116085,1,12,2,5,NA
"4457",116088,1,33,1,1,NA
"4458",116089,1,16,2,5,NA
"4459",116090,4,NA,NA,NA,7
"4460",116092,1,40,NA,2,NA
"4461",116093,3,NA,NA,NA,NA
"4462",116094,1,40,NA,1,NA
"4463",116095,4,NA,NA,NA,4
"4464",116097,1,80,NA,5,NA
"4465",116099,1,40,NA,3,NA
"4466",116100,1,40,NA,3,NA
"4467",116101,4,NA,NA,NA,3
"4468",116102,4,NA,NA,NA,1
"4469",116103,1,40,NA,1,NA
"4470",116104,1,50,NA,5,NA
"4471",116107,4,NA,NA,NA,3
"4472",116109,1,30,1,1,NA
"4473",116110,1,40,NA,1,NA
"4474",116112,4,NA,NA,NA,3
"4475",116113,1,60,NA,1,NA
"4476",116114,1,24,1,3,NA
"4477",116115,1,31,2,1,NA
"4478",116116,4,NA,NA,NA,2
"4479",116118,1,28,2,1,NA
"4480",116119,1,35,NA,1,NA
"4481",116120,1,12,2,3,NA
"4482",116121,1,39,NA,1,NA
"4483",116123,1,40,NA,3,NA
"4484",116125,4,NA,NA,NA,3
"4485",116126,1,20,2,2,NA
"4486",116127,1,30,2,2,NA
"4487",116129,4,NA,NA,NA,3
"4488",116131,3,NA,NA,NA,NA
"4489",116133,1,40,NA,1,NA
"4490",116134,3,NA,NA,NA,NA
"4491",116135,4,NA,NA,NA,3
"4492",116137,1,50,NA,5,NA
"4493",116138,1,30,1,2,NA
"4494",116140,1,40,NA,1,NA
"4495",116141,1,40,NA,3,NA
"4496",116142,1,10,2,5,NA
"4497",116143,4,NA,NA,NA,4
"4498",116144,4,NA,NA,NA,4
"4499",116145,4,NA,NA,NA,1
"4500",116147,1,60,NA,3,NA
"4501",116148,1,45,NA,1,NA
"4502",116149,4,NA,NA,NA,7
"4503",116150,1,45,NA,5,NA
"4504",116151,1,40,NA,1,NA
"4505",116152,4,NA,NA,NA,1
"4506",116153,4,NA,NA,NA,4
"4507",116154,4,NA,NA,NA,7
"4508",116155,3,NA,NA,NA,NA
"4509",116157,1,48,NA,1,NA
"4510",116159,1,40,NA,1,NA
"4511",116160,4,NA,NA,NA,1
"4512",116163,1,45,NA,1,NA
"4513",116164,1,42,NA,1,NA
"4514",116165,1,18,2,1,NA
"4515",116166,4,NA,NA,NA,1
"4516",116167,1,34,2,3,NA
"4517",116169,4,NA,NA,NA,4
"4518",116170,4,NA,NA,NA,1
"4519",116171,1,40,NA,1,NA
"4520",116174,1,38,NA,1,NA
"4521",116175,1,76,NA,5,NA
"4522",116177,2,NA,1,2,NA
"4523",116178,1,45,NA,3,NA
"4524",116180,1,49,NA,2,NA
"4525",116181,1,40,NA,1,NA
"4526",116182,4,NA,NA,NA,2
"4527",116183,1,54,NA,5,NA
"4528",116184,2,NA,1,5,NA
"4529",116185,1,42,NA,1,NA
"4530",116186,1,40,NA,3,NA
"4531",116187,4,NA,NA,NA,3
"4532",116190,1,80,NA,5,NA
"4533",116194,1,45,NA,1,NA
"4534",116196,4,NA,NA,NA,4
"4535",116200,4,NA,NA,NA,4
"4536",116201,1,32,1,2,NA
"4537",116202,1,48,NA,3,NA
"4538",116203,4,NA,NA,NA,4
"4539",116204,1,70,NA,5,NA
"4540",116205,1,40,NA,2,NA
"4541",116206,1,40,NA,1,NA
"4542",116207,1,20,1,5,NA
"4543",116208,4,NA,NA,NA,4
"4544",116210,1,40,NA,1,NA
"4545",116211,1,50,NA,3,NA
"4546",116213,1,50,NA,1,NA
"4547",116215,1,40,NA,3,NA
"4548",116216,4,NA,NA,NA,3
"4549",116218,1,70,NA,2,NA
"4550",116219,4,NA,NA,NA,2
"4551",116222,1,38,NA,5,NA
"4552",116223,4,NA,NA,NA,2
"4553",116225,1,38,NA,1,NA
"4554",116226,1,52,NA,3,NA
"4555",116227,3,NA,NA,NA,NA
"4556",116228,1,20,2,5,NA
"4557",116230,4,NA,NA,NA,2
"4558",116231,3,NA,NA,NA,NA
"4559",116232,1,32,1,3,NA
"4560",116235,4,NA,NA,NA,7
"4561",116236,3,NA,NA,NA,NA
"4562",116238,1,40,NA,5,NA
"4563",116240,4,NA,NA,NA,3
"4564",116241,3,NA,NA,NA,NA
"4565",116242,1,55,NA,5,NA
"4566",116243,1,48,NA,3,NA
"4567",116247,1,41,NA,1,NA
"4568",116251,4,NA,NA,NA,4
"4569",116252,1,40,NA,3,NA
"4570",116253,3,NA,NA,NA,NA
"4571",116254,1,40,NA,5,NA
"4572",116257,1,48,NA,1,NA
"4573",116260,1,40,NA,5,NA
"4574",116264,1,45,NA,1,NA
"4575",116265,1,42,NA,5,NA
"4576",116267,1,40,NA,3,NA
"4577",116268,4,NA,NA,NA,4
"4578",116269,4,NA,NA,NA,7
"4579",116270,1,50,NA,3,NA
"4580",116271,1,36,NA,1,NA
"4581",116274,1,54,NA,2,NA
"4582",116275,1,40,NA,1,NA
"4583",116276,4,NA,NA,NA,7
"4584",116277,1,15,2,5,NA
"4585",116278,1,42,NA,1,NA
"4586",116280,1,20,2,5,NA
"4587",116281,4,NA,NA,NA,3
"4588",116283,1,60,NA,5,NA
"4589",116284,1,70,NA,5,NA
"4590",116286,4,NA,NA,NA,7
"4591",116287,1,40,NA,3,NA
"4592",116290,1,50,NA,5,NA
"4593",116291,1,40,NA,1,NA
"4594",116292,1,40,NA,2,NA
"4595",116293,4,NA,NA,NA,3
"4596",116294,1,60,NA,3,NA
"4597",116295,4,NA,NA,NA,4
"4598",116296,4,NA,NA,NA,7
"4599",116299,1,16,2,3,NA
"4600",116300,4,NA,NA,NA,2
"4601",116302,1,50,NA,5,NA
"4602",116303,4,NA,NA,NA,3
"4603",116304,4,NA,NA,NA,4
"4604",116305,4,NA,NA,NA,7
"4605",116306,1,40,NA,1,NA
"4606",116307,4,NA,NA,NA,3
"4607",116310,1,72,NA,5,NA
"4608",116312,1,40,NA,1,NA
"4609",116313,4,NA,NA,NA,3
"4610",116314,1,30,2,2,NA
"4611",116315,4,NA,NA,NA,3
"4612",116319,1,40,NA,5,NA
"4613",116320,1,40,NA,2,NA
"4614",116321,4,NA,NA,NA,3
"4615",116322,4,NA,NA,NA,7
"4616",116323,4,NA,NA,NA,2
"4617",116325,4,NA,NA,NA,4
"4618",116327,4,NA,NA,NA,4
"4619",116328,4,NA,NA,NA,7
"4620",116330,1,75,NA,5,NA
"4621",116332,4,NA,NA,NA,4
"4622",116333,1,24,2,5,NA
"4623",116334,1,14,2,1,NA
"4624",116335,4,NA,NA,NA,4
"4625",116336,4,NA,NA,NA,1
"4626",116338,3,NA,NA,NA,NA
"4627",116339,4,NA,NA,NA,3
"4628",116341,4,NA,NA,NA,3
"4629",116342,1,30,1,1,NA
"4630",116344,4,NA,NA,NA,3
"4631",116345,1,36,NA,2,NA
"4632",116346,4,NA,NA,NA,3
"4633",116347,4,NA,NA,NA,3
"4634",116348,1,35,NA,1,NA
"4635",116349,4,NA,NA,NA,4
"4636",116351,1,80,NA,5,NA
"4637",116352,1,30,2,5,NA
"4638",116354,1,46,NA,5,NA
"4639",116355,2,NA,1,5,NA
"4640",116356,1,30,1,5,NA
"4641",116357,1,28,2,1,NA
"4642",116359,4,NA,NA,NA,3
"4643",116360,1,24,1,5,NA
"4644",116362,1,40,NA,3,NA
"4645",116364,1,40,NA,5,NA
"4646",116365,1,40,NA,3,NA
"4647",116367,4,NA,NA,NA,2
"4648",116369,4,NA,NA,NA,4
"4649",116372,1,30,2,2,NA
"4650",116373,4,NA,NA,NA,3
"4651",116374,1,40,NA,1,NA
"4652",116375,1,40,NA,5,NA
"4653",116376,4,NA,NA,NA,3
"4654",116378,1,43,NA,1,NA
"4655",116380,1,40,NA,2,NA
"4656",116381,1,40,NA,1,NA
"4657",116382,1,40,NA,1,NA
"4658",116383,4,NA,NA,NA,4
"4659",116384,3,NA,NA,NA,NA
"4660",116385,4,NA,NA,NA,4
"4661",116386,4,NA,NA,NA,99
"4662",116387,1,40,NA,1,NA
"4663",116389,4,NA,NA,NA,3
"4664",116390,4,NA,NA,NA,4
"4665",116397,4,NA,NA,NA,3
"4666",116398,1,40,NA,1,NA
"4667",116400,4,NA,NA,NA,3
"4668",116401,4,NA,NA,NA,2
"4669",116404,4,NA,NA,NA,3
"4670",116405,4,NA,NA,NA,4
"4671",116406,1,40,NA,5,NA
"4672",116407,4,NA,NA,NA,4
"4673",116410,4,NA,NA,NA,7
"4674",116411,4,NA,NA,NA,3
"4675",116414,4,NA,NA,NA,3
"4676",116415,4,NA,NA,NA,1
"4677",116416,1,40,NA,5,NA
"4678",116417,4,NA,NA,NA,7
"4679",116420,1,50,NA,3,NA
"4680",116421,4,NA,NA,NA,3
"4681",116423,4,NA,NA,NA,3
"4682",116424,1,32,1,1,NA
"4683",116426,1,37,NA,2,NA
"4684",116428,1,40,NA,1,NA
"4685",116430,4,NA,NA,NA,7
"4686",116432,4,NA,NA,NA,3
"4687",116433,1,25,1,5,NA
"4688",116434,1,40,NA,1,NA
"4689",116435,1,40,NA,1,NA
"4690",116436,3,NA,NA,NA,NA
"4691",116437,4,NA,NA,NA,3
"4692",116439,4,NA,NA,NA,3
"4693",116441,4,NA,NA,NA,3
"4694",116442,4,NA,NA,NA,3
"4695",116444,1,15,2,5,NA
"4696",116446,3,NA,NA,NA,NA
"4697",116447,4,NA,NA,NA,3
"4698",116448,3,NA,NA,NA,NA
"4699",116449,4,NA,NA,NA,4
"4700",116450,1,38,NA,1,NA
"4701",116451,1,49,NA,3,NA
"4702",116453,3,NA,NA,NA,NA
"4703",116454,1,35,NA,5,NA
"4704",116455,1,40,NA,1,NA
"4705",116456,4,NA,NA,NA,3
"4706",116457,4,NA,NA,NA,3
"4707",116459,1,5,2,1,NA
"4708",116460,1,40,NA,1,NA
"4709",116461,1,10,2,5,NA
"4710",116463,1,60,NA,5,NA
"4711",116464,4,NA,NA,NA,4
"4712",116466,4,NA,NA,NA,2
"4713",116467,1,60,NA,1,NA
"4714",116468,1,15,2,5,NA
"4715",116472,4,NA,NA,NA,4
"4716",116474,3,NA,NA,NA,NA
"4717",116475,1,60,NA,2,NA
"4718",116477,4,NA,NA,NA,2
"4719",116480,1,52,NA,1,NA
"4720",116482,4,NA,NA,NA,4
"4721",116483,4,NA,NA,NA,4
"4722",116484,4,NA,NA,NA,4
"4723",116485,1,50,NA,3,NA
"4724",116486,4,NA,NA,NA,7
"4725",116487,1,45,NA,2,NA
"4726",116488,4,NA,NA,NA,3
"4727",116489,4,NA,NA,NA,7
"4728",116490,4,NA,NA,NA,4
"4729",116492,1,40,NA,3,NA
"4730",116493,4,NA,NA,NA,3
"4731",116495,1,40,NA,1,NA
"4732",116496,4,NA,NA,NA,3
"4733",116499,4,NA,NA,NA,4
"4734",116500,4,NA,NA,NA,7
"4735",116502,4,NA,NA,NA,4
"4736",116503,4,NA,NA,NA,3
"4737",116504,4,NA,NA,NA,3
"4738",116505,4,NA,NA,NA,2
"4739",116506,1,40,NA,5,NA
"4740",116507,1,40,NA,1,NA
"4741",116508,1,40,NA,1,NA
"4742",116509,3,NA,NA,NA,NA
"4743",116510,1,75,NA,5,NA
"4744",116511,1,30,1,1,NA
"4745",116512,1,40,NA,1,NA
"4746",116514,4,NA,NA,NA,2
"4747",116515,4,NA,NA,NA,2
"4748",116518,3,NA,NA,NA,NA
"4749",116519,1,40,NA,3,NA
"4750",116520,4,NA,NA,NA,4
"4751",116521,4,NA,NA,NA,2
"4752",116522,4,NA,NA,NA,3
"4753",116525,4,NA,NA,NA,2
"4754",116526,1,40,NA,5,NA
"4755",116528,1,24,2,5,NA
"4756",116529,3,NA,NA,NA,NA
"4757",116530,1,40,NA,1,NA
"4758",116531,4,NA,NA,NA,3
"4759",116532,4,NA,NA,NA,1
"4760",116533,1,38,NA,1,NA
"4761",116534,4,NA,NA,NA,2
"4762",116535,4,NA,NA,NA,1
"4763",116537,1,10,2,5,NA
"4764",116539,4,NA,NA,NA,2
"4765",116540,1,40,NA,5,NA
"4766",116542,4,NA,NA,NA,3
"4767",116546,1,40,NA,1,NA
"4768",116547,2,NA,1,3,NA
"4769",116551,4,NA,NA,NA,1
"4770",116552,4,NA,NA,NA,3
"4771",116555,3,NA,NA,NA,NA
"4772",116556,1,12,2,5,NA
"4773",116557,1,60,NA,1,NA
"4774",116558,4,NA,NA,NA,7
"4775",116559,1,50,NA,1,NA
"4776",116560,1,36,NA,2,NA
"4777",116561,1,50,NA,1,NA
"4778",116562,4,NA,NA,NA,3
"4779",116563,1,38,NA,2,NA
"4780",116564,1,45,NA,1,NA
"4781",116565,4,NA,NA,NA,3
"4782",116569,1,36,NA,1,NA
"4783",116572,4,NA,NA,NA,4
"4784",116573,1,40,NA,3,NA
"4785",116574,4,NA,NA,NA,3
"4786",116575,1,30,2,1,NA
"4787",116579,1,49,NA,5,NA
"4788",116580,2,NA,2,5,NA
"4789",116582,1,48,NA,3,NA
"4790",116583,1,40,NA,2,NA
"4791",116584,4,NA,NA,NA,4
"4792",116587,1,50,NA,5,NA
"4793",116588,1,40,NA,3,NA
"4794",116589,4,NA,NA,NA,3
"4795",116595,4,NA,NA,NA,1
"4796",116596,1,40,NA,1,NA
"4797",116598,1,40,NA,1,NA
"4798",116600,4,NA,NA,NA,3
"4799",116601,1,5,2,2,NA
"4800",116602,3,NA,NA,NA,NA
"4801",116605,1,30,1,1,NA
"4802",116607,4,NA,NA,NA,3
"4803",116608,4,NA,NA,NA,3
"4804",116609,1,40,NA,3,NA
"4805",116610,1,60,NA,5,NA
"4806",116613,1,47,NA,1,NA
"4807",116614,4,NA,NA,NA,4
"4808",116615,1,35,NA,3,NA
"4809",116616,1,35,NA,5,NA
"4810",116617,1,40,NA,1,NA
"4811",116618,1,10,2,3,NA
"4812",116620,4,NA,NA,NA,3
"4813",116622,4,NA,NA,NA,3
"4814",116623,4,NA,NA,NA,7
"4815",116625,4,NA,NA,NA,3
"4816",116627,1,40,NA,5,NA
"4817",116628,4,NA,NA,NA,7
"4818",116629,1,40,NA,1,NA
"4819",116630,4,NA,NA,NA,2
"4820",116631,1,48,NA,5,NA
"4821",116632,1,40,NA,1,NA
"4822",116633,4,NA,NA,NA,1
"4823",116634,4,NA,NA,NA,3
"4824",116635,3,NA,NA,NA,NA
"4825",116637,1,40,NA,1,NA
"4826",116640,4,NA,NA,NA,3
"4827",116641,2,NA,1,5,NA
"4828",116642,4,NA,NA,NA,3
"4829",116643,2,NA,1,5,NA
"4830",116644,1,30,1,2,NA
"4831",116646,1,60,NA,1,NA
"4832",116647,1,48,NA,1,NA
"4833",116649,1,56,NA,3,NA
"4834",116650,1,15,1,5,NA
"4835",116652,4,NA,NA,NA,4
"4836",116653,1,40,NA,1,NA
"4837",116654,1,40,NA,3,NA
"4838",116655,1,45,NA,3,NA
"4839",116656,1,53,NA,1,NA
"4840",116657,1,40,NA,1,NA
"4841",116660,4,NA,NA,NA,4
"4842",116661,1,30,1,5,NA
"4843",116662,4,NA,NA,NA,3
"4844",116664,4,NA,NA,NA,2
"4845",116666,4,NA,NA,NA,4
"4846",116667,4,NA,NA,NA,7
"4847",116668,1,42,NA,5,NA
"4848",116670,4,NA,NA,NA,4
"4849",116672,4,NA,NA,NA,1
"4850",116673,1,72,NA,5,NA
"4851",116674,4,NA,NA,NA,2
"4852",116675,1,40,NA,1,NA
"4853",116676,4,NA,NA,NA,4
"4854",116677,4,NA,NA,NA,4
"4855",116678,4,NA,NA,NA,2
"4856",116680,4,NA,NA,NA,7
"4857",116682,1,14,2,5,NA
"4858",116684,3,NA,NA,NA,NA
"4859",116687,1,20,1,5,NA
"4860",116688,4,NA,NA,NA,3
"4861",116690,4,NA,NA,NA,2
"4862",116691,4,NA,NA,NA,1
"4863",116693,4,NA,NA,NA,3
"4864",116694,1,40,NA,1,NA
"4865",116696,1,42,NA,5,NA
"4866",116697,3,NA,NA,NA,NA
"4867",116698,4,NA,NA,NA,1
"4868",116699,1,35,NA,1,NA
"4869",116700,1,48,NA,3,NA
"4870",116703,1,40,NA,1,NA
"4871",116704,1,36,NA,5,NA
"4872",116705,3,NA,NA,NA,NA
"4873",116706,1,25,1,5,NA
"4874",116707,1,19,2,1,NA
"4875",116708,4,NA,NA,NA,3
"4876",116709,4,NA,NA,NA,3
"4877",116710,4,NA,NA,NA,3
"4878",116713,3,NA,NA,NA,NA
"4879",116715,4,NA,NA,NA,2
"4880",116716,3,NA,NA,NA,NA
"4881",116720,4,NA,NA,NA,1
"4882",116721,4,NA,NA,NA,1
"4883",116724,1,60,NA,3,NA
"4884",116725,1,50,NA,2,NA
"4885",116727,3,NA,NA,NA,NA
"4886",116728,1,20,1,1,NA
"4887",116729,4,NA,NA,NA,2
"4888",116730,4,NA,NA,NA,4
"4889",116732,4,NA,NA,NA,4
"4890",116733,1,40,NA,1,NA
"4891",116734,4,NA,NA,NA,4
"4892",116736,4,NA,NA,NA,2
"4893",116738,4,NA,NA,NA,2
"4894",116739,1,20,2,5,NA
"4895",116741,1,50,NA,3,NA
"4896",116744,4,NA,NA,NA,7
"4897",116745,1,68,NA,5,NA
"4898",116746,4,NA,NA,NA,3
"4899",116747,4,NA,NA,NA,7
"4900",116749,4,NA,NA,NA,7
"4901",116750,1,40,NA,1,NA
"4902",116752,4,NA,NA,NA,4
"4903",116756,3,NA,NA,NA,NA
"4904",116757,1,51,NA,1,NA
"4905",116759,4,NA,NA,NA,2
"4906",116760,1,40,NA,1,NA
"4907",116761,1,30,2,1,NA
"4908",116762,1,80,NA,5,NA
"4909",116764,4,NA,NA,NA,3
"4910",116766,4,NA,NA,NA,7
"4911",116767,1,20,2,1,NA
"4912",116768,1,30,2,1,NA
"4913",116769,4,NA,NA,NA,1
"4914",116770,4,NA,NA,NA,3
"4915",116773,1,50,NA,5,NA
"4916",116775,4,NA,NA,NA,3
"4917",116776,1,40,NA,1,NA
"4918",116779,4,NA,NA,NA,2
"4919",116780,3,NA,NA,NA,NA
"4920",116782,1,40,NA,1,NA
"4921",116783,4,NA,NA,NA,3
"4922",116784,1,40,NA,3,NA
"4923",116785,4,NA,NA,NA,4
"4924",116786,4,NA,NA,NA,3
"4925",116788,4,NA,NA,NA,2
"4926",116790,1,80,NA,5,NA
"4927",116791,1,55,NA,1,NA
"4928",116793,4,NA,NA,NA,4
"4929",116794,4,NA,NA,NA,3
"4930",116796,1,7,2,5,NA
"4931",116799,1,60,NA,1,NA
"4932",116801,1,40,NA,1,NA
"4933",116802,4,NA,NA,NA,4
"4934",116805,4,NA,NA,NA,4
"4935",116806,2,NA,1,5,NA
"4936",116807,1,10,2,5,NA
"4937",116808,4,NA,NA,NA,7
"4938",116809,4,NA,NA,NA,3
"4939",116810,1,60,NA,1,NA
"4940",116811,4,NA,NA,NA,2
"4941",116812,1,48,NA,2,NA
"4942",116813,1,64,NA,5,NA
"4943",116814,4,NA,NA,NA,4
"4944",116815,4,NA,NA,NA,3
"4945",116816,1,15,2,5,NA
"4946",116817,1,50,NA,2,NA
"4947",116819,2,NA,2,5,NA
"4948",116820,1,34,1,1,NA
"4949",116822,1,36,NA,2,NA
"4950",116823,4,NA,NA,NA,3
"4951",116824,4,NA,NA,NA,3
"4952",116826,1,5,1,2,NA
"4953",116827,4,NA,NA,NA,2
"4954",116828,3,NA,NA,NA,NA
"4955",116829,1,70,NA,5,NA
"4956",116831,4,NA,NA,NA,3
"4957",116833,1,54,NA,5,NA
"4958",116834,1,30,1,2,NA
"4959",116836,1,40,NA,2,NA
"4960",116840,4,NA,NA,NA,1
"4961",116841,4,NA,NA,NA,4
"4962",116843,1,40,NA,3,NA
"4963",116844,1,40,NA,5,NA
"4964",116846,1,40,NA,1,NA
"4965",116847,1,35,NA,5,NA
"4966",116850,1,38,NA,3,NA
"4967",116855,4,NA,NA,NA,3
"4968",116856,1,55,NA,1,NA
"4969",116857,1,65,NA,2,NA
"4970",116858,1,40,NA,3,NA
"4971",116859,4,NA,NA,NA,7
"4972",116861,1,7,1,2,NA
"4973",116862,1,40,NA,3,NA
"4974",116864,1,40,NA,3,NA
"4975",116865,1,50,NA,5,NA
"4976",116866,4,NA,NA,NA,3
"4977",116867,1,43,NA,1,NA
"4978",116868,3,NA,NA,NA,NA
"4979",116869,4,NA,NA,NA,4
"4980",116871,1,25,2,3,NA
"4981",116873,1,40,NA,3,NA
"4982",116874,4,NA,NA,NA,2
"4983",116878,4,NA,NA,NA,7
"4984",116881,1,35,NA,1,NA
"4985",116884,1,40,NA,3,NA
"4986",116885,1,55,NA,5,NA
"4987",116886,1,50,NA,5,NA
"4988",116887,4,NA,NA,NA,2
"4989",116888,1,40,NA,1,NA
"4990",116889,1,60,NA,5,NA
"4991",116890,1,60,NA,5,NA
"4992",116892,1,16,2,5,NA
"4993",116893,1,58,NA,5,NA
"4994",116894,4,NA,NA,NA,4
"4995",116895,2,NA,1,5,NA
"4996",116896,1,40,NA,5,NA
"4997",116898,1,40,NA,5,NA
"4998",116899,4,NA,NA,NA,4
"4999",116900,4,NA,NA,NA,4
"5000",116901,4,NA,NA,NA,3
"5001",116902,1,40,NA,1,NA
"5002",116904,4,NA,NA,NA,7
"5003",116905,4,NA,NA,NA,7
"5004",116906,1,30,1,5,NA
"5005",116907,4,NA,NA,NA,3
"5006",116909,2,NA,1,5,NA
"5007",116911,4,NA,NA,NA,1
"5008",116912,1,40,NA,1,NA
"5009",116913,4,NA,NA,NA,4
"5010",116914,1,45,NA,5,NA
"5011",116915,1,20,2,3,NA
"5012",116916,1,40,NA,5,NA
"5013",116917,4,NA,NA,NA,3
"5014",116918,4,NA,NA,NA,3
"5015",116920,1,32,2,3,NA
"5016",116921,1,38,NA,5,NA
"5017",116922,1,35,NA,5,NA
"5018",116923,4,NA,NA,NA,3
"5019",116927,4,NA,NA,NA,2
"5020",116928,1,40,NA,1,NA
"5021",116929,1,36,NA,5,NA
"5022",116931,1,20,2,5,NA
"5023",116932,1,20,2,5,NA
"5024",116935,4,NA,NA,NA,2
"5025",116937,1,60,NA,1,NA
"5026",116940,1,30,2,1,NA
"5027",116941,1,40,NA,5,NA
"5028",116943,1,40,NA,1,NA
"5029",116945,4,NA,NA,NA,3
"5030",116947,1,55,NA,2,NA
"5031",116949,3,NA,NA,NA,NA
"5032",116950,1,26,2,2,NA
"5033",116952,4,NA,NA,NA,4
"5034",116955,4,NA,NA,NA,4
"5035",116956,4,NA,NA,NA,1
"5036",116959,4,NA,NA,NA,3
"5037",116960,1,40,NA,1,NA
"5038",116961,4,NA,NA,NA,4
"5039",116962,1,60,NA,3,NA
"5040",116963,1,35,NA,3,NA
"5041",116964,1,42,NA,1,NA
"5042",116966,1,40,NA,1,NA
"5043",116967,1,60,NA,3,NA
"5044",116968,4,NA,NA,NA,3
"5045",116969,1,42,NA,5,NA
"5046",116970,3,NA,NA,NA,NA
"5047",116971,4,NA,NA,NA,2
"5048",116972,1,38,NA,3,NA
"5049",116973,4,NA,NA,NA,3
"5050",116975,2,NA,2,5,NA
"5051",116976,4,NA,NA,NA,3
"5052",116978,4,NA,NA,NA,3
"5053",116979,1,32,1,3,NA
"5054",116980,4,NA,NA,NA,3
"5055",116981,1,40,NA,2,NA
"5056",116984,1,16,2,1,NA
"5057",116986,1,40,NA,5,NA
"5058",116987,4,NA,NA,NA,3
"5059",116988,1,30,2,2,NA
"5060",116989,1,5,2,3,NA
"5061",116990,4,NA,NA,NA,7
"5062",116991,1,60,NA,3,NA
"5063",116992,3,NA,NA,NA,NA
"5064",116993,1,20,2,5,NA
"5065",116994,4,NA,NA,NA,3
"5066",116997,4,NA,NA,NA,3
"5067",116999,4,NA,NA,NA,3
"5068",117000,1,40,NA,1,NA
"5069",117001,4,NA,NA,NA,2
"5070",117002,1,50,NA,1,NA
"5071",117004,1,35,NA,1,NA
"5072",117005,4,NA,NA,NA,2
"5073",117006,4,NA,NA,NA,3
"5074",117008,4,NA,NA,NA,3
"5075",117009,4,NA,NA,NA,4
"5076",117010,4,NA,NA,NA,3
"5077",117011,4,NA,NA,NA,3
"5078",117013,4,NA,NA,NA,3
"5079",117014,4,NA,NA,NA,1
"5080",117015,3,NA,NA,NA,NA
"5081",117016,1,32,1,2,NA
"5082",117017,4,NA,NA,NA,1
"5083",117019,1,20,2,5,NA
"5084",117020,1,40,NA,1,NA
"5085",117021,1,36,NA,3,NA
"5086",117022,4,NA,NA,NA,3
"5087",117023,4,NA,NA,NA,3
"5088",117026,1,44,NA,3,NA
"5089",117028,4,NA,NA,NA,4
"5090",117031,4,NA,NA,NA,4
"5091",117032,1,60,NA,1,NA
"5092",117033,1,53,NA,3,NA
"5093",117034,1,12,2,2,NA
"5094",117035,1,20,2,2,NA
"5095",117036,1,32,2,2,NA
"5096",117037,1,40,NA,1,NA
"5097",117038,1,40,NA,1,NA
"5098",117039,1,45,NA,1,NA
"5099",117040,1,40,NA,2,NA
"5100",117044,1,40,NA,5,NA
"5101",117045,1,48,NA,3,NA
"5102",117046,4,NA,NA,NA,1
"5103",117048,4,NA,NA,NA,3
"5104",117049,1,80,NA,1,NA
"5105",117050,4,NA,NA,NA,3
"5106",117052,4,NA,NA,NA,3
"5107",117053,1,8,1,3,NA
"5108",117054,1,23,2,2,NA
"5109",117055,4,NA,NA,NA,4
"5110",117056,1,25,2,5,NA
"5111",117058,1,46,NA,3,NA
"5112",117059,1,30,2,2,NA
"5113",117060,1,40,NA,1,NA
"5114",117061,2,NA,2,5,NA
"5115",117062,1,43,NA,1,NA
"5116",117063,1,56,NA,5,NA
"5117",117064,4,NA,NA,NA,3
"5118",117067,1,40,NA,2,NA
"5119",117068,1,40,NA,3,NA
"5120",117071,4,NA,NA,NA,1
"5121",117072,1,40,NA,1,NA
"5122",117073,3,NA,NA,NA,NA
"5123",117076,1,48,NA,2,NA
"5124",117077,1,36,NA,3,NA
"5125",117079,1,40,NA,2,NA
"5126",117081,1,37,NA,1,NA
"5127",117082,1,24,1,1,NA
"5128",117084,1,38,NA,1,NA
"5129",117086,1,52,NA,2,NA
"5130",117087,4,NA,NA,NA,3
"5131",117089,1,40,NA,5,NA
"5132",117090,4,NA,NA,NA,3
"5133",117091,4,NA,NA,NA,4
"5134",117092,4,NA,NA,NA,3
"5135",117095,4,NA,NA,NA,1
"5136",117101,1,40,NA,1,NA
"5137",117102,1,45,NA,1,NA
"5138",117106,4,NA,NA,NA,4
"5139",117107,4,NA,NA,NA,3
"5140",117108,3,NA,NA,NA,NA
"5141",117113,4,NA,NA,NA,3
"5142",117114,1,25,1,3,NA
"5143",117116,4,NA,NA,NA,1
"5144",117117,1,40,NA,1,NA
"5145",117118,1,28,2,5,NA
"5146",117120,1,55,NA,5,NA
"5147",117122,4,NA,NA,NA,2
"5148",117124,1,40,NA,3,NA
"5149",117125,1,40,NA,1,NA
"5150",117126,4,NA,NA,NA,7
"5151",117128,4,NA,NA,NA,2
"5152",117129,4,NA,NA,NA,1
"5153",117130,1,50,NA,5,NA
"5154",117131,1,42,NA,1,NA
"5155",117132,2,NA,2,5,NA
"5156",117133,4,NA,NA,NA,3
"5157",117134,4,NA,NA,NA,3
"5158",117136,4,NA,NA,NA,7
"5159",117138,1,20,2,3,NA
"5160",117139,1,53,NA,5,NA
"5161",117141,1,12,2,5,NA
"5162",117145,1,40,NA,3,NA
"5163",117146,1,40,NA,5,NA
"5164",117147,1,40,NA,5,NA
"5165",117150,4,NA,NA,NA,4
"5166",117153,4,NA,NA,NA,4
"5167",117156,4,NA,NA,NA,7
"5168",117158,4,NA,NA,NA,4
"5169",117159,1,60,NA,3,NA
"5170",117161,4,NA,NA,NA,3
"5171",117163,1,70,NA,5,NA
"5172",117164,1,30,1,3,NA
"5173",117165,4,NA,NA,NA,3
"5174",117166,1,72,NA,5,NA
"5175",117168,1,40,NA,3,NA
"5176",117169,4,NA,NA,NA,4
"5177",117170,1,40,NA,5,NA
"5178",117171,4,NA,NA,NA,3
"5179",117172,1,40,NA,1,NA
"5180",117173,4,NA,NA,NA,3
"5181",117174,1,55,NA,5,NA
"5182",117177,4,NA,NA,NA,7
"5183",117178,4,NA,NA,NA,1
"5184",117180,1,30,1,5,NA
"5185",117181,1,42,NA,1,NA
"5186",117182,1,21,2,2,NA
"5187",117184,4,NA,NA,NA,1
"5188",117186,1,56,NA,2,NA
"5189",117187,4,NA,NA,NA,3
"5190",117188,4,NA,NA,NA,3
"5191",117190,1,60,NA,5,NA
"5192",117191,1,45,NA,1,NA
"5193",117192,1,40,NA,2,NA
"5194",117193,4,NA,NA,NA,7
"5195",117194,1,50,NA,5,NA
"5196",117195,4,NA,NA,NA,1
"5197",117196,3,NA,NA,NA,NA
"5198",117198,1,45,NA,5,NA
"5199",117200,1,40,NA,1,NA
"5200",117203,4,NA,NA,NA,3
"5201",117204,4,NA,NA,NA,3
"5202",117206,1,8,1,5,NA
"5203",117208,4,NA,NA,NA,4
"5204",117209,1,40,NA,1,NA
"5205",117210,4,NA,NA,NA,1
"5206",117211,4,NA,NA,NA,3
"5207",117212,1,45,NA,5,NA
"5208",117215,1,40,NA,1,NA
"5209",117216,3,NA,NA,NA,NA
"5210",117217,4,NA,NA,NA,3
"5211",117219,1,67,NA,5,NA
"5212",117220,4,NA,NA,NA,3
"5213",117221,1,40,NA,1,NA
"5214",117222,1,5,2,5,NA
"5215",117223,4,NA,NA,NA,3
"5216",117224,4,NA,NA,NA,7
"5217",117226,1,5,2,3,NA
"5218",117227,4,NA,NA,NA,2
"5219",117230,4,NA,NA,NA,4
"5220",117232,1,40,NA,1,NA
"5221",117234,4,NA,NA,NA,4
"5222",117235,1,35,NA,1,NA
"5223",117236,4,NA,NA,NA,3
"5224",117238,4,NA,NA,NA,4
"5225",117241,4,NA,NA,NA,4
"5226",117242,4,NA,NA,NA,3
"5227",117243,4,NA,NA,NA,3
"5228",117244,1,44,NA,1,NA
"5229",117246,4,NA,NA,NA,2
"5230",117248,4,NA,NA,NA,2
"5231",117249,4,NA,NA,NA,4
"5232",117250,4,NA,NA,NA,4
"5233",117251,1,45,NA,5,NA
"5234",117253,4,NA,NA,NA,1
"5235",117260,4,NA,NA,NA,4
"5236",117261,4,NA,NA,NA,7
"5237",117263,1,48,NA,5,NA
"5238",117265,4,NA,NA,NA,3
"5239",117266,1,5,2,5,NA
"5240",117268,1,5,2,2,NA
"5241",117269,1,40,NA,3,NA
"5242",117270,1,40,NA,5,NA
"5243",117273,1,15,2,5,NA
"5244",117274,1,46,NA,5,NA
"5245",117275,2,NA,1,5,NA
"5246",117276,4,NA,NA,NA,4
"5247",117278,4,NA,NA,NA,4
"5248",117280,1,48,NA,5,NA
"5249",117281,4,NA,NA,NA,1
"5250",117282,1,40,NA,1,NA
"5251",117283,4,NA,NA,NA,4
"5252",117285,1,40,NA,5,NA
"5253",117286,1,50,NA,3,NA
"5254",117287,4,NA,NA,NA,4
"5255",117289,4,NA,NA,NA,7
"5256",117290,4,NA,NA,NA,4
"5257",117291,1,62,NA,5,NA
"5258",117292,4,NA,NA,NA,3
"5259",117293,1,50,NA,3,NA
"5260",117294,4,NA,NA,NA,4
"5261",117295,4,NA,NA,NA,4
"5262",117297,4,NA,NA,NA,1
"5263",117298,1,54,NA,5,NA
"5264",117301,4,NA,NA,NA,3
"5265",117302,1,50,NA,5,NA
"5266",117303,1,40,NA,5,NA
"5267",117304,1,34,2,5,NA
"5268",117305,3,NA,NA,NA,NA
"5269",117306,1,30,2,1,NA
"5270",117307,4,NA,NA,NA,3
"5271",117308,4,NA,NA,NA,4
"5272",117310,4,NA,NA,NA,3
"5273",117312,4,NA,NA,NA,4
"5274",117313,1,40,NA,1,NA
"5275",117314,4,NA,NA,NA,4
"5276",117315,4,NA,NA,NA,4
"5277",117316,1,32,2,3,NA
"5278",117318,1,24,2,1,NA
"5279",117319,4,NA,NA,NA,1
"5280",117320,1,30,1,5,NA
"5281",117321,4,NA,NA,NA,3
"5282",117322,4,NA,NA,NA,3
"5283",117323,4,NA,NA,NA,4
"5284",117324,4,NA,NA,NA,3
"5285",117327,1,40,NA,1,NA
"5286",117328,1,40,NA,5,NA
"5287",117331,1,40,NA,5,NA
"5288",117334,1,8,1,5,NA
"5289",117335,4,NA,NA,NA,7
"5290",117336,1,60,NA,5,NA
"5291",117337,1,10,2,2,NA
"5292",117339,4,NA,NA,NA,3
"5293",117343,4,NA,NA,NA,4
"5294",117345,1,10,1,2,NA
"5295",117346,4,NA,NA,NA,4
"5296",117347,3,NA,NA,NA,NA
"5297",117349,4,NA,NA,NA,3
"5298",117351,1,40,NA,3,NA
"5299",117353,1,40,NA,1,NA
"5300",117354,4,NA,NA,NA,3
"5301",117356,1,16,2,2,NA
"5302",117357,1,25,2,1,NA
"5303",117358,1,40,NA,1,NA
"5304",117359,4,NA,NA,NA,3
"5305",117361,1,17,2,5,NA
"5306",117363,4,NA,NA,NA,3
"5307",117364,1,60,NA,5,NA
"5308",117365,4,NA,NA,NA,3
"5309",117367,4,NA,NA,NA,2
"5310",117368,1,72,NA,5,NA
"5311",117370,1,55,NA,5,NA
"5312",117371,1,38,NA,5,NA
"5313",117374,4,NA,NA,NA,4
"5314",117375,1,41,NA,1,NA
"5315",117377,1,25,2,5,NA
"5316",117378,1,5,2,5,NA
"5317",117379,4,NA,NA,NA,4
"5318",117381,1,30,2,2,NA
"5319",117383,1,50,NA,1,NA
"5320",117384,4,NA,NA,NA,3
"5321",117387,1,40,NA,1,NA
"5322",117388,1,60,NA,1,NA
"5323",117389,1,40,NA,1,NA
"5324",117394,4,NA,NA,NA,1
"5325",117395,4,NA,NA,NA,7
"5326",117397,1,36,NA,2,NA
"5327",117398,1,37,NA,2,NA
"5328",117400,1,35,NA,1,NA
"5329",117402,1,72,NA,2,NA
"5330",117405,1,50,NA,5,NA
"5331",117407,1,18,2,2,NA
"5332",117409,1,40,NA,1,NA
"5333",117411,4,NA,NA,NA,3
"5334",117412,1,77777,1,1,NA
"5335",117413,3,NA,NA,NA,NA
"5336",117414,4,NA,NA,NA,3
"5337",117417,4,NA,NA,NA,1
"5338",117418,4,NA,NA,NA,4
"5339",117419,3,NA,NA,NA,NA
"5340",117420,4,NA,NA,NA,1
"5341",117421,1,20,1,5,NA
"5342",117424,4,NA,NA,NA,3
"5343",117428,4,NA,NA,NA,3
"5344",117429,4,NA,NA,NA,7
"5345",117431,4,NA,NA,NA,4
"5346",117432,1,45,NA,3,NA
"5347",117434,1,40,NA,1,NA
"5348",117435,1,50,NA,3,NA
"5349",117436,4,NA,NA,NA,3
"5350",117437,1,55,NA,1,NA
"5351",117438,1,45,NA,1,NA
"5352",117439,4,NA,NA,NA,7
"5353",117440,2,NA,2,3,NA
"5354",117441,4,NA,NA,NA,3
"5355",117442,1,40,NA,3,NA
"5356",117445,4,NA,NA,NA,4
"5357",117447,1,32,1,2,NA
"5358",117449,3,NA,NA,NA,NA
"5359",117450,1,40,NA,1,NA
"5360",117451,4,NA,NA,NA,3
"5361",117453,1,40,NA,1,NA
"5362",117454,1,56,NA,1,NA
"5363",117457,4,NA,NA,NA,2
"5364",117458,4,NA,NA,NA,3
"5365",117460,2,NA,2,1,NA
"5366",117463,2,NA,1,5,NA
"5367",117464,4,NA,NA,NA,3
"5368",117465,4,NA,NA,NA,4
"5369",117466,1,50,NA,5,NA
"5370",117467,1,44,NA,1,NA
"5371",117468,1,40,NA,3,NA
"5372",117470,1,25,1,1,NA
"5373",117471,4,NA,NA,NA,3
"5374",117473,4,NA,NA,NA,2
"5375",117474,3,NA,NA,NA,NA
"5376",117475,4,NA,NA,NA,3
"5377",117478,4,NA,NA,NA,4
"5378",117481,1,40,NA,1,NA
"5379",117484,1,10,1,2,NA
"5380",117485,1,16,2,2,NA
"5381",117491,1,16,2,1,NA
"5382",117494,4,NA,NA,NA,3
"5383",117496,1,40,NA,1,NA
"5384",117497,1,40,NA,3,NA
"5385",117498,4,NA,NA,NA,3
"5386",117499,1,42,NA,1,NA
"5387",117500,1,17,2,2,NA
"5388",117502,4,NA,NA,NA,3
"5389",117503,1,13,2,5,NA
"5390",117504,1,40,NA,5,NA
"5391",117505,4,NA,NA,NA,1
"5392",117506,4,NA,NA,NA,2
"5393",117507,1,30,2,3,NA
"5394",117509,1,40,NA,5,NA
"5395",117510,1,40,NA,2,NA
"5396",117511,1,80,NA,5,NA
"5397",117513,1,36,NA,1,NA
"5398",117514,4,NA,NA,NA,1
"5399",117515,4,NA,NA,NA,2
"5400",117516,4,NA,NA,NA,3
"5401",117517,4,NA,NA,NA,2
"5402",117518,1,60,NA,3,NA
"5403",117523,4,NA,NA,NA,4
"5404",117527,1,55,NA,5,NA
"5405",117529,1,38,NA,1,NA
"5406",117530,1,20,2,2,NA
"5407",117531,1,40,NA,5,NA
"5408",117534,3,NA,NA,NA,NA
"5409",117536,4,NA,NA,NA,4
"5410",117537,1,40,NA,1,NA
"5411",117538,1,75,NA,5,NA
"5412",117540,4,NA,NA,NA,3
"5413",117541,4,NA,NA,NA,3
"5414",117542,4,NA,NA,NA,3
"5415",117543,1,32,2,3,NA
"5416",117546,4,NA,NA,NA,3
"5417",117549,1,45,NA,1,NA
"5418",117551,4,NA,NA,NA,3
"5419",117554,4,NA,NA,NA,3
"5420",117556,4,NA,NA,NA,7
"5421",117558,1,50,NA,1,NA
"5422",117559,4,NA,NA,NA,1
"5423",117561,4,NA,NA,NA,2
"5424",117563,4,NA,NA,NA,2
"5425",117566,1,40,NA,5,NA
"5426",117570,1,50,NA,1,NA
"5427",117571,1,58,NA,2,NA
"5428",117573,1,48,NA,5,NA
"5429",117574,1,40,NA,3,NA
"5430",117575,4,NA,NA,NA,4
"5431",117576,4,NA,NA,NA,7
"5432",117577,1,40,NA,1,NA
"5433",117580,1,30,1,3,NA
"5434",117581,1,15,2,5,NA
"5435",117583,2,NA,2,5,NA
"5436",117586,1,45,NA,2,NA
"5437",117587,1,40,NA,3,NA
"5438",117589,1,32,2,2,NA
"5439",117592,1,30,1,3,NA
"5440",117593,4,NA,NA,NA,3
"5441",117595,4,NA,NA,NA,1
"5442",117598,4,NA,NA,NA,3
"5443",117599,4,NA,NA,NA,3
"5444",117600,1,45,NA,5,NA
"5445",117603,1,25,1,2,NA
"5446",117604,1,20,2,5,NA
"5447",117605,1,5,1,1,NA
"5448",117606,1,40,NA,5,NA
"5449",117609,4,NA,NA,NA,4
"5450",117610,1,54,NA,2,NA
"5451",117611,1,40,NA,5,NA
"5452",117613,1,40,NA,3,NA
"5453",117616,4,NA,NA,NA,3
"5454",117617,1,24,1,3,NA
"5455",117621,1,74,NA,5,NA
"5456",117622,1,40,NA,1,NA
"5457",117623,1,12,1,2,NA
"5458",117624,4,NA,NA,NA,7
"5459",117625,1,17,2,3,NA
"5460",117627,1,30,2,1,NA
"5461",117628,4,NA,NA,NA,4
"5462",117629,1,40,NA,1,NA
"5463",117630,1,80,NA,5,NA
"5464",117631,4,NA,NA,NA,3
"5465",117632,1,70,NA,1,NA
"5466",117633,1,40,NA,5,NA
"5467",117635,4,NA,NA,NA,3
"5468",117637,1,50,NA,2,NA
"5469",117638,4,NA,NA,NA,1
"5470",117639,1,5,2,3,NA
"5471",117640,4,NA,NA,NA,3
"5472",117641,3,NA,NA,NA,NA
"5473",117643,1,40,NA,3,NA
"5474",117644,1,53,NA,1,NA
"5475",117645,1,40,NA,5,NA
"5476",117646,1,51,NA,1,NA
"5477",117647,1,60,NA,2,NA
"5478",117648,1,61,NA,1,NA
"5479",117650,4,NA,NA,NA,3
"5480",117651,1,50,NA,1,NA
"5481",117652,1,20,2,5,NA
"5482",117653,1,40,NA,1,NA
"5483",117654,4,NA,NA,NA,1
"5484",117656,1,20,1,3,NA
"5485",117657,1,40,NA,1,NA
"5486",117659,1,30,1,5,NA
"5487",117660,4,NA,NA,NA,3
"5488",117661,4,NA,NA,NA,2
"5489",117662,1,40,NA,5,NA
"5490",117664,1,8,2,5,NA
"5491",117665,4,NA,NA,NA,3
"5492",117666,4,NA,NA,NA,3
"5493",117671,4,NA,NA,NA,4
"5494",117672,4,NA,NA,NA,4
"5495",117675,4,NA,NA,NA,4
"5496",117676,1,48,NA,2,NA
"5497",117677,4,NA,NA,NA,4
"5498",117678,4,NA,NA,NA,3
"5499",117679,1,24,2,1,NA
"5500",117681,4,NA,NA,NA,3
"5501",117682,4,NA,NA,NA,3
"5502",117683,4,NA,NA,NA,4
"5503",117684,4,NA,NA,NA,2
"5504",117685,1,60,NA,1,NA
"5505",117687,4,NA,NA,NA,1
"5506",117690,1,39,NA,5,NA
"5507",117691,1,48,NA,5,NA
"5508",117692,4,NA,NA,NA,3
"5509",117693,4,NA,NA,NA,3
"5510",117695,1,40,NA,1,NA
"5511",117696,1,12,1,5,NA
"5512",117697,1,30,1,5,NA
"5513",117699,4,NA,NA,NA,4
"5514",117700,4,NA,NA,NA,3
"5515",117701,1,40,NA,1,NA
"5516",117703,4,NA,NA,NA,3
"5517",117704,4,NA,NA,NA,3
"5518",117707,1,40,NA,5,NA
"5519",117708,4,NA,NA,NA,3
"5520",117710,1,14,1,5,NA
"5521",117711,4,NA,NA,NA,4
"5522",117712,4,NA,NA,NA,1
"5523",117714,4,NA,NA,NA,7
"5524",117719,4,NA,NA,NA,7
"5525",117720,1,40,NA,5,NA
"5526",117721,4,NA,NA,NA,2
"5527",117722,1,30,1,3,NA
"5528",117725,1,40,NA,1,NA
"5529",117727,4,NA,NA,NA,3
"5530",117728,1,20,2,5,NA
"5531",117729,4,NA,NA,NA,3
"5532",117730,1,35,NA,3,NA
"5533",117732,1,40,NA,1,NA
"5534",117733,4,NA,NA,NA,4
"5535",117734,4,NA,NA,NA,3
"5536",117735,1,8,2,1,NA
"5537",117736,4,NA,NA,NA,3
"5538",117737,1,40,NA,1,NA
"5539",117738,1,40,NA,1,NA
"5540",117739,4,NA,NA,NA,4
"5541",117743,4,NA,NA,NA,7
"5542",117745,1,32,1,3,NA
"5543",117746,4,NA,NA,NA,3
"5544",117747,4,NA,NA,NA,3
"5545",117748,1,25,2,5,NA
"5546",117751,3,NA,NA,NA,NA
"5547",117752,1,24,2,5,NA
"5548",117753,1,40,NA,2,NA
"5549",117754,1,35,NA,5,NA
"5550",117755,1,60,NA,2,NA
"5551",117756,1,16,2,5,NA
"5552",117758,1,50,NA,5,NA
"5553",117761,1,35,NA,1,NA
"5554",117765,1,15,2,5,NA
"5555",117766,1,40,NA,5,NA
"5556",117767,4,NA,NA,NA,3
"5557",117768,1,45,NA,1,NA
"5558",117769,1,40,NA,5,NA
"5559",117771,4,NA,NA,NA,3
"5560",117773,4,NA,NA,NA,2
"5561",117774,1,46,NA,5,NA
"5562",117775,1,40,NA,1,NA
"5563",117777,1,60,NA,1,NA
"5564",117778,1,50,NA,1,NA
"5565",117779,1,50,NA,1,NA
"5566",117780,1,40,NA,2,NA
"5567",117784,4,NA,NA,NA,3
"5568",117785,1,40,NA,3,NA
"5569",117787,1,40,NA,1,NA
"5570",117789,1,40,NA,3,NA
"5571",117792,4,NA,NA,NA,1
"5572",117793,4,NA,NA,NA,1
"5573",117794,4,NA,NA,NA,3
"5574",117795,1,40,NA,1,NA
"5575",117797,4,NA,NA,NA,2
"5576",117798,3,NA,NA,NA,NA
"5577",117800,1,40,NA,1,NA
"5578",117805,3,NA,NA,NA,NA
"5579",117806,1,20,2,5,NA
"5580",117807,4,NA,NA,NA,3
"5581",117810,3,NA,NA,NA,NA
"5582",117811,1,21,1,3,NA
"5583",117814,1,20,2,5,NA
"5584",117816,4,NA,NA,NA,3
"5585",117817,1,40,NA,1,NA
"5586",117818,4,NA,NA,NA,4
"5587",117820,4,NA,NA,NA,3
"5588",117822,3,NA,NA,NA,NA
"5589",117824,4,NA,NA,NA,1
"5590",117826,1,40,NA,5,NA
"5591",117827,1,40,NA,2,NA
"5592",117829,3,NA,NA,NA,NA
"5593",117831,1,20,2,5,NA
"5594",117832,1,40,NA,3,NA
"5595",117834,4,NA,NA,NA,1
"5596",117835,1,5,1,5,NA
"5597",117838,3,NA,NA,NA,NA
"5598",117839,1,42,NA,2,NA
"5599",117840,1,60,NA,3,NA
"5600",117843,1,75,NA,2,NA
"5601",117845,1,45,NA,1,NA
"5602",117847,1,60,NA,5,NA
"5603",117849,4,NA,NA,NA,1
"5604",117850,1,37,NA,2,NA
"5605",117851,1,17,2,2,NA
"5606",117853,4,NA,NA,NA,4
"5607",117856,3,NA,NA,NA,NA
"5608",117857,1,40,NA,5,NA
"5609",117858,1,60,NA,5,NA
"5610",117860,4,NA,NA,NA,7
"5611",117862,1,24,2,1,NA
"5612",117864,1,40,NA,2,NA
"5613",117865,4,NA,NA,NA,3
"5614",117866,1,40,NA,5,NA
"5615",117867,1,40,NA,5,NA
"5616",117868,3,NA,NA,NA,NA
"5617",117869,1,40,NA,1,NA
"5618",117870,1,50,NA,5,NA
"5619",117873,1,99999,1,5,NA
"5620",117875,4,NA,NA,NA,4
"5621",117877,1,45,NA,5,NA
"5622",117878,4,NA,NA,NA,4
"5623",117879,1,48,NA,3,NA
"5624",117881,1,20,2,5,NA
"5625",117882,1,40,NA,3,NA
"5626",117884,4,NA,NA,NA,3
"5627",117885,1,39,NA,3,NA
"5628",117886,4,NA,NA,NA,3
"5629",117887,1,30,1,5,NA
"5630",117888,1,40,NA,1,NA
"5631",117890,4,NA,NA,NA,4
"5632",117893,1,40,NA,3,NA
"5633",117894,7,NA,NA,NA,NA
"5634",117897,1,30,1,5,NA
"5635",117898,4,NA,NA,NA,2
"5636",117899,1,15,2,5,NA
"5637",117900,1,37,NA,5,NA
"5638",117901,1,5,1,3,NA
"5639",117903,1,40,NA,5,NA
"5640",117905,4,NA,NA,NA,4
"5641",117907,1,40,NA,5,NA
"5642",117908,4,NA,NA,NA,2
"5643",117910,4,NA,NA,NA,4
"5644",117912,1,45,NA,5,NA
"5645",117913,1,45,NA,5,NA
"5646",117915,4,NA,NA,NA,1
"5647",117916,4,NA,NA,NA,4
"5648",117917,4,NA,NA,NA,3
"5649",117918,2,NA,2,3,NA
"5650",117919,1,25,1,1,NA
"5651",117922,1,40,NA,5,NA
"5652",117923,1,40,NA,3,NA
"5653",117925,1,46,NA,3,NA
"5654",117927,4,NA,NA,NA,2
"5655",117929,1,24,2,5,NA
"5656",117930,3,NA,NA,NA,NA
"5657",117931,1,40,NA,1,NA
"5658",117933,1,16,1,5,NA
"5659",117934,4,NA,NA,NA,3
"5660",117936,1,26,2,5,NA
"5661",117937,1,45,NA,5,NA
"5662",117938,1,40,NA,1,NA
"5663",117939,1,40,NA,5,NA
"5664",117941,1,55,NA,5,NA
"5665",117942,3,NA,NA,NA,NA
"5666",117943,1,30,2,1,NA
"5667",117946,2,NA,2,5,NA
"5668",117948,1,30,2,5,NA
"5669",117950,1,32,2,1,NA
"5670",117951,4,NA,NA,NA,3
"5671",117953,1,20,1,3,NA
"5672",117957,4,NA,NA,NA,7
"5673",117958,4,NA,NA,NA,2
"5674",117959,1,38,NA,3,NA
"5675",117960,4,NA,NA,NA,4
"5676",117961,1,45,NA,5,NA
"5677",117962,4,NA,NA,NA,3
"5678",117964,1,50,NA,5,NA
"5679",117965,4,NA,NA,NA,4
"5680",117966,1,40,NA,1,NA
"5681",117968,1,54,NA,5,NA
"5682",117971,1,24,1,1,NA
"5683",117974,1,40,NA,1,NA
"5684",117975,1,28,2,5,NA
"5685",117979,1,30,1,3,NA
"5686",117981,4,NA,NA,NA,7
"5687",117984,4,NA,NA,NA,3
"5688",117985,1,40,NA,1,NA
"5689",117986,3,NA,NA,NA,NA
"5690",117987,4,NA,NA,NA,4
"5691",117989,1,40,NA,1,NA
"5692",117990,4,NA,NA,NA,1
"5693",117991,1,40,NA,2,NA
"5694",117993,1,40,NA,2,NA
"5695",117994,4,NA,NA,NA,3
"5696",117995,1,36,NA,3,NA
"5697",117996,1,41,NA,1,NA
"5698",117997,4,NA,NA,NA,3
"5699",117998,1,44,NA,1,NA
"5700",117999,1,50,NA,1,NA
"5701",118000,1,68,NA,3,NA
"5702",118001,3,NA,NA,NA,NA
"5703",118003,4,NA,NA,NA,3
"5704",118004,4,NA,NA,NA,4
"5705",118006,1,16,2,1,NA
"5706",118008,1,20,2,1,NA
"5707",118010,4,NA,NA,NA,4
"5708",118013,1,40,NA,1,NA
"5709",118014,4,NA,NA,NA,3
"5710",118017,4,NA,NA,NA,3
"5711",118018,1,40,NA,1,NA
"5712",118019,4,NA,NA,NA,3
"5713",118020,1,30,2,2,NA
"5714",118022,1,40,NA,1,NA
"5715",118023,1,27,2,2,NA
"5716",118024,1,41,NA,2,NA
"5717",118025,1,40,NA,1,NA
"5718",118026,4,NA,NA,NA,7
"5719",118028,4,NA,NA,NA,2
"5720",118029,4,NA,NA,NA,1
"5721",118030,4,NA,NA,NA,4
"5722",118031,4,NA,NA,NA,4
"5723",118033,1,40,NA,2,NA
"5724",118035,4,NA,NA,NA,1
"5725",118036,1,9,1,1,NA
"5726",118037,1,45,NA,2,NA
"5727",118038,4,NA,NA,NA,1
"5728",118039,4,NA,NA,NA,3
"5729",118040,1,40,NA,5,NA
"5730",118042,3,NA,NA,NA,NA
"5731",118044,1,43,NA,2,NA
"5732",118045,1,40,NA,1,NA
"5733",118046,4,NA,NA,NA,3
"5734",118047,3,NA,NA,NA,NA
"5735",118049,3,NA,NA,NA,NA
"5736",118050,4,NA,NA,NA,3
"5737",118051,4,NA,NA,NA,3
"5738",118052,1,40,NA,3,NA
"5739",118055,3,NA,NA,NA,NA
"5740",118056,1,35,NA,5,NA
"5741",118057,4,NA,NA,NA,3
"5742",118058,2,NA,1,5,NA
"5743",118061,4,NA,NA,NA,3
"5744",118062,4,NA,NA,NA,3
"5745",118063,1,60,NA,2,NA
"5746",118064,1,34,2,2,NA
"5747",118066,1,56,NA,3,NA
"5748",118067,4,NA,NA,NA,2
"5749",118069,1,40,NA,1,NA
"5750",118071,1,50,NA,1,NA
"5751",118072,1,60,NA,1,NA
"5752",118073,4,NA,NA,NA,3
"5753",118074,1,40,NA,5,NA
"5754",118075,1,45,NA,5,NA
"5755",118079,1,40,NA,1,NA
"5756",118080,1,40,NA,2,NA
"5757",118082,1,40,NA,2,NA
"5758",118083,3,NA,NA,NA,NA
"5759",118085,1,37,NA,2,NA
"5760",118086,1,30,1,1,NA
"5761",118087,1,42,NA,5,NA
"5762",118088,4,NA,NA,NA,1
"5763",118091,4,NA,NA,NA,3
"5764",118092,1,60,NA,5,NA
"5765",118093,1,40,NA,1,NA
"5766",118096,1,50,NA,1,NA
"5767",118101,1,40,NA,1,NA
"5768",118103,4,NA,NA,NA,4
"5769",118104,4,NA,NA,NA,3
"5770",118105,1,40,NA,3,NA
"5771",118107,4,NA,NA,NA,7
"5772",118108,4,NA,NA,NA,3
"5773",118111,4,NA,NA,NA,1
"5774",118113,1,60,NA,3,NA
"5775",118114,4,NA,NA,NA,3
"5776",118115,4,NA,NA,NA,7
"5777",118117,1,40,NA,5,NA
"5778",118118,4,NA,NA,NA,7
"5779",118120,4,NA,NA,NA,7
"5780",118121,4,NA,NA,NA,4
"5781",118122,1,45,NA,1,NA
"5782",118123,4,NA,NA,NA,3
"5783",118124,4,NA,NA,NA,3
"5784",118125,1,40,NA,2,NA
"5785",118126,4,NA,NA,NA,4
"5786",118127,1,35,NA,1,NA
"5787",118128,1,40,NA,5,NA
"5788",118130,1,46,NA,5,NA
"5789",118131,1,60,NA,1,NA
"5790",118134,4,NA,NA,NA,3
"5791",118135,3,NA,NA,NA,NA
"5792",118136,1,23,2,5,NA
"5793",118138,4,NA,NA,NA,4
"5794",118140,4,NA,NA,NA,4
"5795",118142,1,15,2,5,NA
"5796",118144,4,NA,NA,NA,7
"5797",118145,4,NA,NA,NA,4
"5798",118146,4,NA,NA,NA,3
"5799",118147,1,52,NA,1,NA
"5800",118149,4,NA,NA,NA,3
"5801",118150,2,NA,2,NA,NA
"5802",118153,1,56,NA,5,NA
"5803",118154,4,NA,NA,NA,3
"5804",118155,4,NA,NA,NA,77
"5805",118156,1,40,NA,1,NA
"5806",118161,4,NA,NA,NA,7
"5807",118162,4,NA,NA,NA,4
"5808",118163,4,NA,NA,NA,4
"5809",118164,1,60,NA,5,NA
"5810",118165,1,48,NA,2,NA
"5811",118166,1,40,NA,3,NA
"5812",118167,1,60,NA,2,NA
"5813",118169,4,NA,NA,NA,7
"5814",118171,1,30,2,5,NA
"5815",118172,1,26,2,2,NA
"5816",118176,4,NA,NA,NA,1
"5817",118178,4,NA,NA,NA,4
"5818",118179,4,NA,NA,NA,1
"5819",118181,1,13,2,2,NA
"5820",118182,1,15,2,2,NA
"5821",118183,1,40,NA,3,NA
"5822",118184,1,40,NA,3,NA
"5823",118185,1,62,NA,1,NA
"5824",118189,1,45,NA,1,NA
"5825",118190,1,40,NA,1,NA
"5826",118191,3,NA,NA,NA,NA
"5827",118192,4,NA,NA,NA,2
"5828",118193,1,60,NA,5,NA
"5829",118194,4,NA,NA,NA,3
"5830",118195,1,32,2,1,NA
"5831",118196,1,40,NA,5,NA
"5832",118197,4,NA,NA,NA,4
"5833",118199,4,NA,NA,NA,7
"5834",118201,1,15,2,5,NA
"5835",118204,4,NA,NA,NA,4
"5836",118205,1,54,NA,5,NA
"5837",118207,4,NA,NA,NA,3
"5838",118209,1,27,2,3,NA
"5839",118210,1,55,NA,2,NA
"5840",118211,3,NA,NA,NA,NA
"5841",118212,1,40,NA,5,NA
"5842",118213,4,NA,NA,NA,3
"5843",118215,1,40,NA,1,NA
"5844",118216,1,30,1,5,NA
"5845",118217,4,NA,NA,NA,2
"5846",118219,4,NA,NA,NA,4
"5847",118220,1,30,1,3,NA
"5848",118221,1,50,NA,2,NA
"5849",118224,4,NA,NA,NA,2
"5850",118226,3,NA,NA,NA,NA
"5851",118227,1,30,1,2,NA
"5852",118228,4,NA,NA,NA,1
"5853",118229,1,25,2,5,NA
"5854",118231,1,30,1,5,NA
"5855",118232,1,35,NA,3,NA
"5856",118234,1,40,NA,5,NA
"5857",118235,1,37,NA,5,NA
"5858",118237,1,40,NA,3,NA
"5859",118238,1,15,1,2,NA
"5860",118239,1,40,NA,3,NA
"5861",118240,4,NA,NA,NA,4
"5862",118242,4,NA,NA,NA,3
"5863",118244,1,36,NA,5,NA
"5864",118245,1,48,NA,5,NA
"5865",118246,1,28,1,3,NA
"5866",118247,4,NA,NA,NA,3
"5867",118248,4,NA,NA,NA,3
"5868",118249,1,58,NA,5,NA
"5869",118250,4,NA,NA,NA,3
"5870",118253,1,40,NA,1,NA
"5871",118254,1,40,NA,1,NA
"5872",118256,1,45,NA,1,NA
"5873",118257,1,40,NA,1,NA
"5874",118258,1,10,2,3,NA
"5875",118259,1,58,NA,2,NA
"5876",118262,1,15,2,5,NA
"5877",118263,1,40,NA,5,NA
"5878",118264,3,NA,NA,NA,NA
"5879",118265,1,35,NA,5,NA
"5880",118266,4,NA,NA,NA,4
"5881",118267,1,32,2,1,NA
"5882",118268,4,NA,NA,NA,4
"5883",118269,1,40,NA,1,NA
"5884",118270,1,15,2,2,NA
"5885",118271,4,NA,NA,NA,4
"5886",118273,2,NA,2,5,NA
"5887",118274,1,40,NA,1,NA
"5888",118275,1,40,NA,1,NA
"5889",118276,1,70,NA,1,NA
"5890",118277,4,NA,NA,NA,3
"5891",118279,1,40,NA,1,NA
"5892",118280,4,NA,NA,NA,1
"5893",118282,1,40,NA,1,NA
"5894",118283,1,40,NA,2,NA
"5895",118284,4,NA,NA,NA,1
"5896",118285,1,38,NA,5,NA
"5897",118286,4,NA,NA,NA,7
"5898",118288,4,NA,NA,NA,2
"5899",118289,4,NA,NA,NA,3
"5900",118291,1,12,2,5,NA
"5901",118292,4,NA,NA,NA,7
"5902",118293,4,NA,NA,NA,3
"5903",118295,1,70,NA,5,NA
"5904",118296,4,NA,NA,NA,3
"5905",118297,1,30,1,5,NA
"5906",118298,4,NA,NA,NA,3
"5907",118299,1,50,NA,1,NA
"5908",118300,4,NA,NA,NA,3
"5909",118301,4,NA,NA,NA,4
"5910",118302,1,37,NA,5,NA
"5911",118304,1,12,2,1,NA
"5912",118305,4,NA,NA,NA,3
"5913",118306,1,44,NA,3,NA
"5914",118308,4,NA,NA,NA,3
"5915",118312,1,45,NA,1,NA
"5916",118315,1,45,NA,5,NA
"5917",118316,4,NA,NA,NA,1
"5918",118317,4,NA,NA,NA,4
"5919",118318,4,NA,NA,NA,4
"5920",118319,1,45,NA,3,NA
"5921",118320,4,NA,NA,NA,1
"5922",118322,4,NA,NA,NA,3
"5923",118324,1,30,2,1,NA
"5924",118328,4,NA,NA,NA,3
"5925",118330,4,NA,NA,NA,3
"5926",118331,4,NA,NA,NA,3
"5927",118332,3,NA,NA,NA,NA
"5928",118333,1,36,NA,1,NA
"5929",118336,4,NA,NA,NA,3
"5930",118337,1,25,2,5,NA
"5931",118338,4,NA,NA,NA,3
"5932",118340,1,20,2,1,NA
"5933",118342,1,31,2,2,NA
"5934",118343,1,24,2,2,NA
"5935",118344,1,70,NA,5,NA
"5936",118347,4,NA,NA,NA,3
"5937",118348,4,NA,NA,NA,1
"5938",118349,1,40,NA,5,NA
"5939",118350,4,NA,NA,NA,7
"5940",118351,4,NA,NA,NA,3
"5941",118352,4,NA,NA,NA,3
"5942",118353,4,NA,NA,NA,3
"5943",118354,4,NA,NA,NA,4
"5944",118358,1,40,NA,1,NA
"5945",118359,1,30,1,2,NA
"5946",118361,4,NA,NA,NA,3
"5947",118362,4,NA,NA,NA,3
"5948",118363,1,40,NA,1,NA
"5949",118364,4,NA,NA,NA,4
"5950",118365,4,NA,NA,NA,3
"5951",118367,1,45,NA,1,NA
"5952",118368,1,32,2,1,NA
"5953",118369,4,NA,NA,NA,4
"5954",118370,4,NA,NA,NA,7
"5955",118371,4,NA,NA,NA,3
"5956",118373,1,15,2,2,NA
"5957",118374,1,40,NA,1,NA
"5958",118375,4,NA,NA,NA,4
"5959",118378,4,NA,NA,NA,1
"5960",118380,4,NA,NA,NA,3
"5961",118381,1,40,NA,1,NA
"5962",118382,4,NA,NA,NA,3
"5963",118384,1,40,NA,3,NA
"5964",118385,1,6,2,5,NA
"5965",118386,4,NA,NA,NA,4
"5966",118387,4,NA,NA,NA,3
"5967",118391,1,40,NA,2,NA
"5968",118393,4,NA,NA,NA,3
"5969",118395,4,NA,NA,NA,4
"5970",118396,1,40,NA,3,NA
"5971",118399,4,NA,NA,NA,3
"5972",118402,1,25,1,5,NA
"5973",118406,1,30,1,1,NA
"5974",118407,1,40,NA,2,NA
"5975",118408,1,70,NA,2,NA
"5976",118409,1,45,NA,3,NA
"5977",118410,4,NA,NA,NA,2
"5978",118411,1,30,1,1,NA
"5979",118412,4,NA,NA,NA,3
"5980",118413,4,NA,NA,NA,3
"5981",118414,4,NA,NA,NA,3
"5982",118415,4,NA,NA,NA,4
"5983",118416,4,NA,NA,NA,3
"5984",118417,4,NA,NA,NA,7
"5985",118418,1,50,NA,5,NA
"5986",118419,1,35,NA,1,NA
"5987",118423,1,65,NA,5,NA
"5988",118424,4,NA,NA,NA,4
"5989",118425,4,NA,NA,NA,3
"5990",118426,4,NA,NA,NA,3
"5991",118432,4,NA,NA,NA,2
"5992",118433,1,50,NA,5,NA
"5993",118435,4,NA,NA,NA,4
"5994",118436,1,36,NA,2,NA
"5995",118437,4,NA,NA,NA,4
"5996",118439,4,NA,NA,NA,3
"5997",118442,1,45,NA,1,NA
"5998",118445,1,40,NA,3,NA
"5999",118449,1,36,NA,3,NA
"6000",118450,1,36,NA,1,NA
"6001",118451,1,37,NA,1,NA
"6002",118452,4,NA,NA,NA,4
"6003",118453,4,NA,NA,NA,3
"6004",118454,1,26,2,5,NA
"6005",118457,1,20,2,1,NA
"6006",118458,4,NA,NA,NA,3
"6007",118459,1,21,2,1,NA
"6008",118460,1,40,NA,1,NA
"6009",118462,1,40,NA,5,NA
"6010",118463,1,30,1,2,NA
"6011",118464,2,NA,1,3,NA
"6012",118465,4,NA,NA,NA,2
"6013",118466,4,NA,NA,NA,3
"6014",118468,1,60,NA,5,NA
"6015",118471,4,NA,NA,NA,4
"6016",118472,4,NA,NA,NA,2
"6017",118475,4,NA,NA,NA,3
"6018",118476,1,50,NA,1,NA
"6019",118478,4,NA,NA,NA,4
"6020",118479,1,9,1,5,NA
"6021",118480,2,NA,1,5,NA
"6022",118482,4,NA,NA,NA,4
"6023",118484,1,40,NA,1,NA
"6024",118486,1,32,2,2,NA
"6025",118488,1,48,NA,3,NA
"6026",118489,1,37,NA,5,NA
"6027",118490,3,NA,NA,NA,NA
"6028",118491,4,NA,NA,NA,3
"6029",118492,1,40,NA,2,NA
"6030",118493,4,NA,NA,NA,3
"6031",118494,1,32,1,1,NA
"6032",118495,3,NA,NA,NA,NA
"6033",118496,1,70,NA,1,NA
"6034",118500,4,NA,NA,NA,4
"6035",118503,4,NA,NA,NA,1
"6036",118504,3,NA,NA,NA,NA
"6037",118505,1,8,2,5,NA
"6038",118509,4,NA,NA,NA,3
"6039",118512,1,20,1,5,NA
"6040",118513,4,NA,NA,NA,3
"6041",118514,1,48,NA,5,NA
"6042",118515,4,NA,NA,NA,3
"6043",118516,1,28,1,5,NA
"6044",118517,1,16,2,2,NA
"6045",118518,3,NA,NA,NA,NA
"6046",118520,4,NA,NA,NA,3
"6047",118521,1,5,2,3,NA
"6048",118522,4,NA,NA,NA,1
"6049",118523,1,48,NA,1,NA
"6050",118525,4,NA,NA,NA,3
"6051",118526,1,9,2,2,NA
"6052",118527,4,NA,NA,NA,3
"6053",118528,1,44,NA,3,NA
"6054",118530,1,42,NA,1,NA
"6055",118532,4,NA,NA,NA,3
"6056",118533,2,NA,2,1,NA
"6057",118536,4,NA,NA,NA,1
"6058",118537,1,45,NA,2,NA
"6059",118539,1,40,NA,5,NA
"6060",118540,4,NA,NA,NA,3
"6061",118541,4,NA,NA,NA,7
"6062",118543,4,NA,NA,NA,3
"6063",118544,4,NA,NA,NA,1
"6064",118548,3,NA,NA,NA,NA
"6065",118550,3,NA,NA,NA,NA
"6066",118552,3,NA,NA,NA,NA
"6067",118553,1,70,NA,1,NA
"6068",118554,1,45,NA,5,NA
"6069",118556,4,NA,NA,NA,3
"6070",118559,1,35,NA,1,NA
"6071",118561,4,NA,NA,NA,1
"6072",118562,1,60,NA,5,NA
"6073",118563,1,50,NA,3,NA
"6074",118564,4,NA,NA,NA,4
"6075",118565,1,20,2,5,NA
"6076",118566,4,NA,NA,NA,7
"6077",118567,1,35,NA,5,NA
"6078",118569,4,NA,NA,NA,3
"6079",118570,3,NA,NA,NA,NA
"6080",118571,4,NA,NA,NA,3
"6081",118573,1,5,2,5,NA
"6082",118574,1,48,NA,2,NA
"6083",118575,4,NA,NA,NA,1
"6084",118576,1,50,NA,5,NA
"6085",118577,4,NA,NA,NA,3
"6086",118578,3,NA,NA,NA,NA
"6087",118579,4,NA,NA,NA,3
"6088",118580,4,NA,NA,NA,7
"6089",118581,4,NA,NA,NA,3
"6090",118582,1,30,2,5,NA
"6091",118585,4,NA,NA,NA,3
"6092",118586,4,NA,NA,NA,1
"6093",118587,4,NA,NA,NA,3
"6094",118588,1,40,NA,2,NA
"6095",118589,4,NA,NA,NA,4
"6096",118590,4,NA,NA,NA,3
"6097",118592,3,NA,NA,NA,NA
"6098",118594,1,20,2,5,NA
"6099",118595,4,NA,NA,NA,3
"6100",118596,4,NA,NA,NA,3
"6101",118597,1,40,NA,1,NA
"6102",118598,4,NA,NA,NA,4
"6103",118599,4,NA,NA,NA,3
"6104",118600,1,40,NA,1,NA
"6105",118601,1,60,NA,5,NA
"6106",118602,4,NA,NA,NA,3
"6107",118604,1,40,NA,1,NA
"6108",118605,3,NA,NA,NA,NA
"6109",118606,1,36,NA,2,NA
"6110",118607,1,59,NA,3,NA
"6111",118608,4,NA,NA,NA,3
"6112",118609,1,40,NA,1,NA
"6113",118610,4,NA,NA,NA,3
"6114",118611,1,18,2,1,NA
"6115",118612,4,NA,NA,NA,4
"6116",118614,4,NA,NA,NA,3
"6117",118616,1,80,NA,1,NA
"6118",118618,1,50,NA,3,NA
"6119",118620,4,NA,NA,NA,3
"6120",118621,1,40,NA,1,NA
"6121",118622,4,NA,NA,NA,4
"6122",118623,4,NA,NA,NA,4
"6123",118624,1,35,NA,1,NA
"6124",118628,4,NA,NA,NA,7
"6125",118629,1,20,2,1,NA
"6126",118630,4,NA,NA,NA,1
"6127",118632,4,NA,NA,NA,4
"6128",118633,4,NA,NA,NA,4
"6129",118634,4,NA,NA,NA,3
"6130",118636,1,55,NA,5,NA
"6131",118638,4,NA,NA,NA,3
"6132",118640,1,40,NA,3,NA
"6133",118641,1,38,NA,2,NA
"6134",118643,4,NA,NA,NA,7
"6135",118644,4,NA,NA,NA,7
"6136",118645,4,NA,NA,NA,2
"6137",118647,1,40,NA,1,NA
"6138",118648,1,60,NA,5,NA
"6139",118650,1,67,NA,5,NA
"6140",118651,1,40,NA,5,NA
"6141",118654,1,40,NA,3,NA
"6142",118655,4,NA,NA,NA,4
"6143",118656,4,NA,NA,NA,4
"6144",118658,1,40,NA,1,NA
"6145",118659,4,NA,NA,NA,3
"6146",118662,4,NA,NA,NA,3
"6147",118663,4,NA,NA,NA,4
"6148",118664,1,50,NA,5,NA
"6149",118665,4,NA,NA,NA,3
"6150",118669,1,40,NA,1,NA
"6151",118670,1,25,2,3,NA
"6152",118671,4,NA,NA,NA,3
"6153",118673,1,20,1,2,NA
"6154",118675,1,40,NA,5,NA
"6155",118676,1,40,NA,5,NA
"6156",118677,4,NA,NA,NA,3
"6157",118678,1,38,NA,1,NA
"6158",118679,1,40,NA,1,NA
"6159",118681,1,60,NA,1,NA
"6160",118682,1,42,NA,1,NA
"6161",118684,4,NA,NA,NA,3
"6162",118687,4,NA,NA,NA,4
"6163",118688,4,NA,NA,NA,3
"6164",118690,4,NA,NA,NA,3
"6165",118692,4,NA,NA,NA,3
"6166",118693,1,40,NA,1,NA
"6167",118696,1,99999,1,1,NA
"6168",118697,4,NA,NA,NA,1
"6169",118698,1,7,1,3,NA
"6170",118699,1,8,2,5,NA
"6171",118701,1,50,NA,2,NA
"6172",118702,1,50,NA,5,NA
"6173",118706,1,40,NA,5,NA
"6174",118709,1,20,2,5,NA
"6175",118711,1,30,1,5,NA
"6176",118712,4,NA,NA,NA,2
"6177",118713,1,40,NA,1,NA
"6178",118714,4,NA,NA,NA,3
"6179",118718,3,NA,NA,NA,NA
"6180",118719,2,NA,1,3,NA
"6181",118720,3,NA,NA,NA,NA
"6182",118721,1,40,NA,1,NA
"6183",118722,1,40,NA,5,NA
"6184",118723,1,24,2,1,NA
"6185",118724,1,40,NA,1,NA
"6186",118725,1,40,NA,1,NA
"6187",118727,4,NA,NA,NA,3
"6188",118728,4,NA,NA,NA,4
"6189",118729,4,NA,NA,NA,7
"6190",118730,1,50,NA,5,NA
"6191",118731,4,NA,NA,NA,3
"6192",118732,1,10,2,5,NA
"6193",118734,1,30,1,5,NA
"6194",118735,4,NA,NA,NA,3
"6195",118736,1,20,2,5,NA
"6196",118737,4,NA,NA,NA,2
"6197",118738,4,NA,NA,NA,1
"6198",118739,4,NA,NA,NA,3
"6199",118740,4,NA,NA,NA,4
"6200",118741,4,NA,NA,NA,3
"6201",118742,4,NA,NA,NA,3
"6202",118743,4,NA,NA,NA,3
"6203",118745,1,60,NA,3,NA
"6204",118746,1,25,2,2,NA
"6205",118748,1,30,1,5,NA
"6206",118750,4,NA,NA,NA,2
"6207",118752,1,20,1,5,NA
"6208",118753,4,NA,NA,NA,3
"6209",118755,1,28,2,2,NA
"6210",118756,1,20,1,1,NA
"6211",118758,4,NA,NA,NA,3
"6212",118759,1,45,NA,5,NA
"6213",118760,1,40,NA,1,NA
"6214",118762,1,34,1,3,NA
"6215",118763,4,NA,NA,NA,2
"6216",118764,4,NA,NA,NA,3
"6217",118766,4,NA,NA,NA,4
"6218",118767,4,NA,NA,NA,3
"6219",118769,4,NA,NA,NA,3
"6220",118770,4,NA,NA,NA,3
"6221",118775,1,46,NA,1,NA
"6222",118776,1,30,1,5,NA
"6223",118777,4,NA,NA,NA,4
"6224",118778,4,NA,NA,NA,7
"6225",118781,4,NA,NA,NA,7
"6226",118783,1,50,NA,1,NA
"6227",118784,1,36,NA,5,NA
"6228",118786,1,44,NA,1,NA
"6229",118789,3,NA,NA,NA,NA
"6230",118790,4,NA,NA,NA,7
"6231",118791,1,50,NA,1,NA
"6232",118792,4,NA,NA,NA,4
"6233",118794,4,NA,NA,NA,4
"6234",118795,1,56,NA,5,NA
"6235",118796,4,NA,NA,NA,3
"6236",118797,4,NA,NA,NA,7
"6237",118799,4,NA,NA,NA,3
"6238",118800,4,NA,NA,NA,4
"6239",118801,4,NA,NA,NA,3
"6240",118802,1,74,NA,5,NA
"6241",118803,1,40,NA,3,NA
"6242",118804,1,80,NA,5,NA
"6243",118805,1,40,NA,5,NA
"6244",118807,1,50,NA,5,NA
"6245",118809,1,40,NA,2,NA
"6246",118810,1,40,NA,3,NA
"6247",118811,3,NA,NA,NA,NA
"6248",118813,4,NA,NA,NA,3
"6249",118815,1,70,NA,5,NA
"6250",118816,1,25,2,5,NA
"6251",118817,4,NA,NA,NA,4
"6252",118827,1,40,NA,3,NA
"6253",118828,3,NA,NA,NA,NA
"6254",118829,1,16,2,2,NA
"6255",118831,1,55,NA,1,NA
"6256",118833,4,NA,NA,NA,1
"6257",118834,4,NA,NA,NA,7
"6258",118836,1,20,2,2,NA
"6259",118839,1,66,NA,5,NA
"6260",118840,1,30,2,5,NA
"6261",118841,1,41,NA,3,NA
"6262",118842,4,NA,NA,NA,4
"6263",118843,4,NA,NA,NA,2
"6264",118845,4,NA,NA,NA,3
"6265",118848,1,20,2,2,NA
"6266",118852,1,40,NA,5,NA
"6267",118853,1,40,NA,5,NA
"6268",118856,1,25,1,5,NA
"6269",118857,1,12,2,3,NA
"6270",118858,1,40,NA,2,NA
"6271",118861,4,NA,NA,NA,3
"6272",118862,1,30,2,3,NA
"6273",118863,4,NA,NA,NA,7
"6274",118864,4,NA,NA,NA,4
"6275",118865,4,NA,NA,NA,2
"6276",118866,4,NA,NA,NA,4
"6277",118870,1,40,NA,1,NA
"6278",118871,1,80,NA,5,NA
"6279",118872,4,NA,NA,NA,3
"6280",118873,4,NA,NA,NA,3
"6281",118875,1,70,NA,5,NA
"6282",118876,1,40,NA,5,NA
"6283",118877,1,80,NA,2,NA
"6284",118879,1,40,NA,1,NA
"6285",118883,4,NA,NA,NA,1
"6286",118884,4,NA,NA,NA,3
"6287",118887,1,40,NA,1,NA
"6288",118889,3,NA,NA,NA,NA
"6289",118890,4,NA,NA,NA,3
"6290",118893,1,55,NA,5,NA
"6291",118894,1,75,NA,3,NA
"6292",118895,4,NA,NA,NA,1
"6293",118896,4,NA,NA,NA,1
"6294",118897,1,50,NA,5,NA
"6295",118898,2,NA,2,5,NA
"6296",118899,1,40,NA,1,NA
"6297",118900,1,50,NA,1,NA
"6298",118901,1,40,NA,2,NA
"6299",118903,4,NA,NA,NA,4
"6300",118904,1,45,NA,5,NA
"6301",118905,1,40,NA,1,NA
"6302",118906,4,NA,NA,NA,3
"6303",118908,1,60,NA,2,NA
"6304",118909,4,NA,NA,NA,2
"6305",118913,1,36,NA,1,NA
"6306",118914,1,40,NA,1,NA
"6307",118915,3,NA,NA,NA,NA
"6308",118920,1,40,NA,5,NA
"6309",118921,1,40,NA,3,NA
"6310",118922,4,NA,NA,NA,3
"6311",118924,4,NA,NA,NA,4
"6312",118925,4,NA,NA,NA,3
"6313",118926,1,40,NA,1,NA
"6314",118929,1,5,2,2,NA
"6315",118930,1,50,NA,5,NA
"6316",118931,4,NA,NA,NA,3
"6317",118932,1,36,NA,3,NA
"6318",118933,4,NA,NA,NA,3
"6319",118935,4,NA,NA,NA,4
"6320",118936,4,NA,NA,NA,3
"6321",118937,1,16,2,7,NA
"6322",118938,4,NA,NA,NA,2
"6323",118939,4,NA,NA,NA,1
"6324",118940,4,NA,NA,NA,3
"6325",118942,1,40,NA,1,NA
"6326",118943,3,NA,NA,NA,NA
"6327",118944,1,40,NA,2,NA
"6328",118946,1,65,NA,2,NA
"6329",118947,1,40,NA,1,NA
"6330",118949,1,30,2,5,NA
"6331",118951,1,50,NA,5,NA
"6332",118952,4,NA,NA,NA,2
"6333",118953,4,NA,NA,NA,4
"6334",118954,4,NA,NA,NA,3
"6335",118956,1,5,2,5,NA
"6336",118957,4,NA,NA,NA,3
"6337",118958,1,35,NA,5,NA
"6338",118962,1,40,NA,2,NA
"6339",118966,3,NA,NA,NA,NA
"6340",118967,1,38,NA,2,NA
"6341",118971,1,40,NA,5,NA
"6342",118972,1,37,NA,1,NA
"6343",118976,1,14,2,5,NA
"6344",118977,1,42,NA,1,NA
"6345",118980,1,40,NA,2,NA
"6346",118981,4,NA,NA,NA,2
"6347",118984,1,40,NA,5,NA
"6348",118985,1,40,NA,3,NA
"6349",118986,4,NA,NA,NA,4
"6350",118987,4,NA,NA,NA,4
"6351",118989,2,NA,1,1,NA
"6352",118990,4,NA,NA,NA,4
"6353",118991,1,20,2,2,NA
"6354",118992,1,40,NA,5,NA
"6355",118994,1,50,NA,1,NA
"6356",118997,4,NA,NA,NA,4
"6357",118999,1,30,2,1,NA
"6358",119000,1,36,NA,2,NA
"6359",119001,4,NA,NA,NA,4
"6360",119005,4,NA,NA,NA,7
"6361",119007,1,45,NA,1,NA
"6362",119009,1,16,2,1,NA
"6363",119012,1,16,2,3,NA
"6364",119013,4,NA,NA,NA,3
"6365",119016,1,40,NA,1,NA
"6366",119017,4,NA,NA,NA,3
"6367",119019,1,45,NA,2,NA
"6368",119022,1,45,NA,5,NA
"6369",119024,3,NA,NA,NA,NA
"6370",119027,4,NA,NA,NA,3
"6371",119029,1,45,NA,5,NA
"6372",119030,1,40,NA,1,NA
"6373",119031,4,NA,NA,NA,3
"6374",119034,1,20,2,5,NA
"6375",119040,1,20,2,5,NA
"6376",119041,1,60,NA,1,NA
"6377",119042,4,NA,NA,NA,3
"6378",119043,2,NA,1,5,NA
"6379",119044,1,60,NA,3,NA
"6380",119049,4,NA,NA,NA,7
"6381",119051,1,22,2,2,NA
"6382",119052,4,NA,NA,NA,7
"6383",119053,4,NA,NA,NA,4
"6384",119054,1,40,NA,3,NA
"6385",119055,4,NA,NA,NA,4
"6386",119056,4,NA,NA,NA,3
"6387",119058,1,40,NA,1,NA
"6388",119059,4,NA,NA,NA,4
"6389",119060,1,40,NA,1,NA
"6390",119061,4,NA,NA,NA,7
"6391",119062,4,NA,NA,NA,3
"6392",119064,4,NA,NA,NA,3
"6393",119065,1,40,NA,3,NA
"6394",119066,1,32,1,2,NA
"6395",119067,1,50,NA,1,NA
"6396",119068,4,NA,NA,NA,4
"6397",119070,4,NA,NA,NA,1
"6398",119073,4,NA,NA,NA,3
"6399",119074,4,NA,NA,NA,2
"6400",119075,1,40,NA,5,NA
"6401",119076,4,NA,NA,NA,4
"6402",119077,1,40,NA,1,NA
"6403",119078,1,24,2,5,NA
"6404",119079,1,40,NA,1,NA
"6405",119080,1,45,NA,1,NA
"6406",119081,1,40,NA,1,NA
"6407",119082,4,NA,NA,NA,3
"6408",119083,4,NA,NA,NA,4
"6409",119084,4,NA,NA,NA,7
"6410",119085,4,NA,NA,NA,7
"6411",119086,1,45,NA,1,NA
"6412",119091,1,40,NA,2,NA
"6413",119092,4,NA,NA,NA,3
"6414",119094,1,11,2,3,NA
"6415",119095,4,NA,NA,NA,4
"6416",119096,4,NA,NA,NA,3
"6417",119097,4,NA,NA,NA,7
"6418",119098,1,43,NA,5,NA
"6419",119099,4,NA,NA,NA,4
"6420",119100,4,NA,NA,NA,1
"6421",119101,4,NA,NA,NA,4
"6422",119102,4,NA,NA,NA,4
"6423",119103,1,30,2,5,NA
"6424",119104,1,60,NA,3,NA
"6425",119105,4,NA,NA,NA,4
"6426",119108,4,NA,NA,NA,3
"6427",119109,1,15,2,1,NA
"6428",119112,4,NA,NA,NA,7
"6429",119117,4,NA,NA,NA,7
"6430",119119,3,NA,NA,NA,NA
"6431",119121,4,NA,NA,NA,2
"6432",119123,4,NA,NA,NA,4
"6433",119124,1,40,NA,1,NA
"6434",119126,4,NA,NA,NA,3
"6435",119127,1,54,NA,3,NA
"6436",119128,1,20,2,2,NA
"6437",119130,1,40,NA,1,NA
"6438",119132,1,60,NA,1,NA
"6439",119133,1,40,NA,1,NA
"6440",119135,1,50,NA,5,NA
"6441",119136,1,20,2,3,NA
"6442",119139,4,NA,NA,NA,3
"6443",119142,2,NA,1,5,NA
"6444",119144,1,73,NA,5,NA
"6445",119145,1,20,1,5,NA
"6446",119146,1,43,NA,1,NA
"6447",119147,1,35,NA,5,NA
"6448",119148,1,40,NA,5,NA
"6449",119149,2,NA,1,5,NA
"6450",119150,1,40,NA,1,NA
"6451",119152,1,40,NA,5,NA
"6452",119155,4,NA,NA,NA,4
"6453",119156,1,30,2,5,NA
"6454",119157,4,NA,NA,NA,7
"6455",119158,1,58,NA,2,NA
"6456",119160,4,NA,NA,NA,3
"6457",119161,3,NA,NA,NA,NA
"6458",119164,4,NA,NA,NA,7
"6459",119165,4,NA,NA,NA,7
"6460",119166,1,40,NA,1,NA
"6461",119167,4,NA,NA,NA,2
"6462",119168,4,NA,NA,NA,4
"6463",119169,4,NA,NA,NA,4
"6464",119170,4,NA,NA,NA,3
"6465",119171,1,40,NA,1,NA
"6466",119172,1,15,2,3,NA
"6467",119174,4,NA,NA,NA,2
"6468",119175,1,50,NA,1,NA
"6469",119176,4,NA,NA,NA,2
"6470",119178,3,NA,NA,NA,NA
"6471",119179,4,NA,NA,NA,3
"6472",119181,4,NA,NA,NA,2
"6473",119182,1,30,1,1,NA
"6474",119183,1,40,NA,1,NA
"6475",119184,1,40,NA,1,NA
"6476",119186,1,50,NA,1,NA
"6477",119187,1,45,NA,1,NA
"6478",119189,4,NA,NA,NA,4
"6479",119191,3,NA,NA,NA,NA
"6480",119192,1,40,NA,5,NA
"6481",119193,4,NA,NA,NA,7
"6482",119194,1,60,NA,3,NA
"6483",119196,1,40,NA,1,NA
"6484",119197,4,NA,NA,NA,3
"6485",119198,3,NA,NA,NA,NA
"6486",119201,4,NA,NA,NA,1
"6487",119202,4,NA,NA,NA,3
"6488",119203,1,30,2,2,NA
"6489",119204,4,NA,NA,NA,2
"6490",119206,4,NA,NA,NA,3
"6491",119207,1,45,NA,5,NA
"6492",119210,4,NA,NA,NA,2
"6493",119211,4,NA,NA,NA,3
"6494",119212,1,35,NA,2,NA
"6495",119215,1,50,NA,3,NA
"6496",119216,4,NA,NA,NA,4
"6497",119218,1,40,NA,1,NA
"6498",119219,1,12,2,5,NA
"6499",119220,4,NA,NA,NA,3
"6500",119222,4,NA,NA,NA,7
"6501",119223,1,40,NA,2,NA
"6502",119224,4,NA,NA,NA,1
"6503",119225,1,50,NA,1,NA
"6504",119227,1,32,2,2,NA
"6505",119229,1,40,NA,1,NA
"6506",119230,4,NA,NA,NA,4
"6507",119232,1,40,NA,1,NA
"6508",119234,1,46,NA,5,NA
"6509",119237,1,13,2,5,NA
"6510",119239,4,NA,NA,NA,4
"6511",119240,3,NA,NA,NA,NA
"6512",119241,4,NA,NA,NA,1
"6513",119242,4,NA,NA,NA,4
"6514",119243,1,6,2,5,NA
"6515",119245,1,40,NA,3,NA
"6516",119248,1,40,NA,1,NA
"6517",119249,4,NA,NA,NA,4
"6518",119250,1,44,NA,5,NA
"6519",119252,1,40,NA,1,NA
"6520",119254,4,NA,NA,NA,4
"6521",119257,1,40,NA,1,NA
"6522",119259,4,NA,NA,NA,7
"6523",119260,1,48,NA,1,NA
"6524",119261,3,NA,NA,NA,NA
"6525",119262,1,40,NA,3,NA
"6526",119265,1,40,NA,5,NA
"6527",119266,1,48,NA,3,NA
"6528",119267,4,NA,NA,NA,3
"6529",119269,4,NA,NA,NA,1
"6530",119270,4,NA,NA,NA,4
"6531",119271,1,40,NA,5,NA
"6532",119272,4,NA,NA,NA,3
"6533",119273,4,NA,NA,NA,3
"6534",119274,4,NA,NA,NA,4
"6535",119275,1,48,NA,2,NA
"6536",119277,4,NA,NA,NA,1
"6537",119280,1,30,1,1,NA
"6538",119283,4,NA,NA,NA,7
"6539",119286,1,25,2,5,NA
"6540",119287,4,NA,NA,NA,3
"6541",119291,1,5,2,1,NA
"6542",119292,1,26,2,5,NA
"6543",119293,4,NA,NA,NA,3
"6544",119296,4,NA,NA,NA,1
"6545",119297,4,NA,NA,NA,3
"6546",119298,1,40,NA,5,NA
"6547",119299,3,NA,NA,NA,NA
"6548",119300,4,NA,NA,NA,3
"6549",119302,4,NA,NA,NA,4
"6550",119303,4,NA,NA,NA,7
"6551",119305,4,NA,NA,NA,3
"6552",119307,4,NA,NA,NA,1
"6553",119308,4,NA,NA,NA,2
"6554",119311,1,22,1,1,NA
"6555",119312,1,43,NA,1,NA
"6556",119313,4,NA,NA,NA,4
"6557",119314,4,NA,NA,NA,3
"6558",119316,1,20,2,5,NA
"6559",119319,4,NA,NA,NA,2
"6560",119320,1,40,NA,3,NA
"6561",119321,4,NA,NA,NA,3
"6562",119322,4,NA,NA,NA,1
"6563",119323,4,NA,NA,NA,4
"6564",119324,1,40,NA,3,NA
"6565",119325,4,NA,NA,NA,3
"6566",119326,1,35,NA,1,NA
"6567",119328,1,50,NA,1,NA
"6568",119330,4,NA,NA,NA,1
"6569",119332,1,21,2,3,NA
"6570",119334,1,30,1,2,NA
"6571",119335,4,NA,NA,NA,3
"6572",119337,1,34,2,1,NA
"6573",119339,1,60,NA,5,NA
"6574",119340,1,80,NA,1,NA
"6575",119342,4,NA,NA,NA,3
"6576",119343,1,55,NA,5,NA
"6577",119345,1,50,NA,1,NA
"6578",119347,4,NA,NA,NA,2
"6579",119348,4,NA,NA,NA,4
"6580",119349,4,NA,NA,NA,3
"6581",119350,1,45,NA,2,NA
"6582",119353,1,30,1,5,NA
"6583",119354,4,NA,NA,NA,1
"6584",119355,3,NA,NA,NA,NA
"6585",119356,1,50,NA,5,NA
"6586",119357,1,24,2,5,NA
"6587",119358,1,40,NA,5,NA
"6588",119360,4,NA,NA,NA,1
"6589",119361,4,NA,NA,NA,3
"6590",119363,1,40,NA,2,NA
"6591",119364,4,NA,NA,NA,3
"6592",119365,1,40,NA,1,NA
"6593",119367,4,NA,NA,NA,3
"6594",119369,4,NA,NA,NA,3
"6595",119370,4,NA,NA,NA,3
"6596",119372,1,45,NA,3,NA
"6597",119373,4,NA,NA,NA,3
"6598",119375,4,NA,NA,NA,7
"6599",119376,4,NA,NA,NA,1
"6600",119381,4,NA,NA,NA,3
"6601",119382,1,20,2,5,NA
"6602",119383,1,50,NA,1,NA
"6603",119385,1,40,NA,3,NA
"6604",119386,1,55,NA,1,NA
"6605",119390,1,50,NA,5,NA
"6606",119391,1,48,NA,2,NA
"6607",119392,3,NA,NA,NA,NA
"6608",119393,4,NA,NA,NA,4
"6609",119394,4,NA,NA,NA,1
"6610",119396,4,NA,NA,NA,3
"6611",119397,4,NA,NA,NA,2
"6612",119399,4,NA,NA,NA,3
"6613",119400,4,NA,NA,NA,4
"6614",119402,4,NA,NA,NA,3
"6615",119403,4,NA,NA,NA,3
"6616",119405,4,NA,NA,NA,3
"6617",119406,4,NA,NA,NA,3
"6618",119407,4,NA,NA,NA,4
"6619",119408,4,NA,NA,NA,3
"6620",119410,1,45,NA,1,NA
"6621",119411,4,NA,NA,NA,2
"6622",119412,1,22,2,5,NA
"6623",119413,4,NA,NA,NA,4
"6624",119416,2,NA,1,5,NA
"6625",119417,4,NA,NA,NA,3
"6626",119418,2,NA,1,1,NA
"6627",119420,4,NA,NA,NA,3
"6628",119421,1,45,NA,1,NA
"6629",119422,1,20,1,1,NA
"6630",119423,4,NA,NA,NA,4
"6631",119424,3,NA,NA,NA,NA
"6632",119425,1,40,NA,1,NA
"6633",119426,1,40,NA,5,NA
"6634",119427,4,NA,NA,NA,4
"6635",119428,4,NA,NA,NA,1
"6636",119429,1,37,NA,5,NA
"6637",119430,1,40,NA,5,NA
"6638",119432,1,40,NA,1,NA
"6639",119433,1,30,1,3,NA
"6640",119434,4,NA,NA,NA,3
"6641",119435,1,50,NA,5,NA
"6642",119437,1,40,NA,2,NA
"6643",119438,3,NA,NA,NA,NA
"6644",119441,4,NA,NA,NA,3
"6645",119442,1,60,NA,1,NA
"6646",119443,1,40,NA,5,NA
"6647",119444,1,47,NA,3,NA
"6648",119447,4,NA,NA,NA,3
"6649",119450,4,NA,NA,NA,3
"6650",119451,1,80,NA,5,NA
"6651",119453,4,NA,NA,NA,1
"6652",119454,4,NA,NA,NA,7
"6653",119455,4,NA,NA,NA,3
"6654",119456,1,40,NA,1,NA
"6655",119458,1,30,1,2,NA
"6656",119461,1,36,NA,1,NA
"6657",119462,1,44,NA,2,NA
"6658",119465,4,NA,NA,NA,3
"6659",119466,1,45,NA,1,NA
"6660",119467,1,38,NA,5,NA
"6661",119469,4,NA,NA,NA,3
"6662",119470,1,40,NA,1,NA
"6663",119471,1,38,NA,5,NA
"6664",119477,4,NA,NA,NA,2
"6665",119478,4,NA,NA,NA,4
"6666",119480,4,NA,NA,NA,1
"6667",119481,4,NA,NA,NA,4
"6668",119483,1,24,2,2,NA
"6669",119484,4,NA,NA,NA,7
"6670",119485,4,NA,NA,NA,1
"6671",119486,4,NA,NA,NA,4
"6672",119487,1,44,NA,1,NA
"6673",119488,1,40,NA,1,NA
"6674",119489,4,NA,NA,NA,4
"6675",119491,4,NA,NA,NA,3
"6676",119492,4,NA,NA,NA,3
"6677",119493,4,NA,NA,NA,3
"6678",119494,1,38,NA,3,NA
"6679",119495,1,20,2,2,NA
"6680",119497,1,28,2,2,NA
"6681",119499,1,32,1,3,NA
"6682",119500,1,45,NA,1,NA
"6683",119501,1,40,NA,1,NA
"6684",119503,1,30,2,3,NA
"6685",119504,1,40,NA,3,NA
"6686",119507,1,45,NA,3,NA
"6687",119508,4,NA,NA,NA,2
"6688",119510,1,52,NA,5,NA
"6689",119511,4,NA,NA,NA,3
"6690",119512,4,NA,NA,NA,3
"6691",119514,4,NA,NA,NA,3
"6692",119519,4,NA,NA,NA,4
"6693",119521,1,15,1,5,NA
"6694",119523,1,38,NA,1,NA
"6695",119524,4,NA,NA,NA,3
"6696",119526,1,45,NA,5,NA
"6697",119529,4,NA,NA,NA,3
"6698",119531,1,30,1,3,NA
"6699",119532,4,NA,NA,NA,4
"6700",119533,3,NA,NA,NA,NA
"6701",119537,1,25,2,1,NA
"6702",119540,4,NA,NA,NA,3
"6703",119541,1,60,NA,5,NA
"6704",119542,1,48,NA,1,NA
"6705",119543,4,NA,NA,NA,4
"6706",119544,4,NA,NA,NA,3
"6707",119545,1,60,NA,1,NA
"6708",119546,1,20,2,5,NA
"6709",119547,3,NA,NA,NA,NA
"6710",119548,4,NA,NA,NA,3
"6711",119549,1,50,NA,5,NA
"6712",119551,1,38,NA,1,NA
"6713",119552,4,NA,NA,NA,3
"6714",119554,4,NA,NA,NA,3
"6715",119556,1,43,NA,2,NA
"6716",119557,1,39,NA,1,NA
"6717",119559,1,40,NA,1,NA
"6718",119561,1,20,1,5,NA
"6719",119562,4,NA,NA,NA,4
"6720",119563,1,42,NA,1,NA
"6721",119564,4,NA,NA,NA,2
"6722",119565,2,NA,1,1,NA
"6723",119566,1,16,2,1,NA
"6724",119567,4,NA,NA,NA,4
"6725",119569,4,NA,NA,NA,2
"6726",119571,1,25,2,1,NA
"6727",119572,4,NA,NA,NA,4
"6728",119575,2,NA,2,3,NA
"6729",119579,1,41,NA,1,NA
"6730",119580,1,40,NA,1,NA
"6731",119581,1,40,NA,5,NA
"6732",119583,4,NA,NA,NA,2
"6733",119584,2,NA,1,1,NA
"6734",119585,1,40,NA,5,NA
"6735",119586,4,NA,NA,NA,4
"6736",119587,1,16,2,3,NA
"6737",119588,1,20,2,5,NA
"6738",119589,4,NA,NA,NA,7
"6739",119590,4,NA,NA,NA,1
"6740",119591,4,NA,NA,NA,3
"6741",119592,4,NA,NA,NA,3
"6742",119593,1,30,2,5,NA
"6743",119594,1,40,NA,3,NA
"6744",119595,1,36,NA,5,NA
"6745",119597,1,40,NA,1,NA
"6746",119598,3,NA,NA,NA,NA
"6747",119600,1,40,NA,1,NA
"6748",119601,4,NA,NA,NA,2
"6749",119603,1,50,NA,2,NA
"6750",119604,1,48,NA,1,NA
"6751",119605,4,NA,NA,NA,3
"6752",119606,1,55,NA,1,NA
"6753",119608,1,45,NA,2,NA
"6754",119609,1,38,NA,5,NA
"6755",119613,1,42,NA,5,NA
"6756",119617,1,37,NA,1,NA
"6757",119618,2,NA,1,1,NA
"6758",119619,1,45,NA,3,NA
"6759",119621,1,50,NA,5,NA
"6760",119622,1,45,NA,1,NA
"6761",119623,1,60,NA,5,NA
"6762",119624,1,43,NA,1,NA
"6763",119626,1,70,NA,5,NA
"6764",119627,1,30,1,2,NA
"6765",119628,1,40,NA,1,NA
"6766",119629,4,NA,NA,NA,3
"6767",119630,1,25,1,1,NA
"6768",119631,2,NA,1,1,NA
"6769",119632,4,NA,NA,NA,3
"6770",119633,1,80,NA,2,NA
"6771",119634,1,40,NA,5,NA
"6772",119635,4,NA,NA,NA,7
"6773",119636,4,NA,NA,NA,4
"6774",119637,4,NA,NA,NA,3
"6775",119638,1,40,NA,5,NA
"6776",119640,4,NA,NA,NA,3
"6777",119641,2,NA,1,3,NA
"6778",119642,4,NA,NA,NA,4
"6779",119644,1,40,NA,1,NA
"6780",119645,1,40,NA,2,NA
"6781",119646,1,45,NA,1,NA
"6782",119647,4,NA,NA,NA,2
"6783",119648,4,NA,NA,NA,3
"6784",119650,1,40,NA,1,NA
"6785",119651,4,NA,NA,NA,3
"6786",119652,1,70,NA,5,NA
"6787",119653,4,NA,NA,NA,7
"6788",119658,4,NA,NA,NA,3
"6789",119659,1,50,NA,5,NA
"6790",119660,4,NA,NA,NA,4
"6791",119661,4,NA,NA,NA,2
"6792",119664,4,NA,NA,NA,3
"6793",119665,1,46,NA,1,NA
"6794",119667,1,40,NA,5,NA
"6795",119668,4,NA,NA,NA,1
"6796",119669,1,54,NA,1,NA
"6797",119670,1,40,NA,1,NA
"6798",119672,1,40,NA,3,NA
"6799",119675,4,NA,NA,NA,7
"6800",119676,4,NA,NA,NA,7
"6801",119678,4,NA,NA,NA,3
"6802",119679,1,40,NA,1,NA
"6803",119680,1,48,NA,3,NA
"6804",119681,4,NA,NA,NA,7
"6805",119682,4,NA,NA,NA,2
"6806",119683,1,45,NA,3,NA
"6807",119687,3,NA,NA,NA,NA
"6808",119688,4,NA,NA,NA,7
"6809",119689,4,NA,NA,NA,1
"6810",119692,4,NA,NA,NA,3
"6811",119693,4,NA,NA,NA,4
"6812",119694,1,40,NA,5,NA
"6813",119695,4,NA,NA,NA,3
"6814",119696,1,45,NA,3,NA
"6815",119698,1,60,NA,1,NA
"6816",119699,4,NA,NA,NA,3
"6817",119700,1,35,NA,1,NA
"6818",119702,1,40,NA,1,NA
"6819",119703,1,40,NA,1,NA
"6820",119705,4,NA,NA,NA,2
"6821",119707,1,40,NA,1,NA
"6822",119708,4,NA,NA,NA,3
"6823",119711,4,NA,NA,NA,3
"6824",119712,4,NA,NA,NA,3
"6825",119716,4,NA,NA,NA,3
"6826",119725,1,30,2,2,NA
"6827",119727,1,42,NA,1,NA
"6828",119728,4,NA,NA,NA,3
"6829",119731,4,NA,NA,NA,3
"6830",119734,4,NA,NA,NA,3
"6831",119735,4,NA,NA,NA,3
"6832",119736,4,NA,NA,NA,2
"6833",119737,1,40,NA,1,NA
"6834",119738,4,NA,NA,NA,3
"6835",119742,1,40,NA,1,NA
"6836",119743,3,NA,NA,NA,NA
"6837",119745,2,NA,1,3,NA
"6838",119746,1,44,NA,5,NA
"6839",119747,4,NA,NA,NA,3
"6840",119749,4,NA,NA,NA,3
"6841",119750,1,5,2,5,NA
"6842",119751,2,NA,2,3,NA
"6843",119752,4,NA,NA,NA,3
"6844",119753,2,NA,2,5,NA
"6845",119755,4,NA,NA,NA,3
"6846",119758,2,NA,2,5,NA
"6847",119759,1,48,NA,5,NA
"6848",119760,1,65,NA,2,NA
"6849",119761,4,NA,NA,NA,4
"6850",119762,4,NA,NA,NA,4
"6851",119765,4,NA,NA,NA,4
"6852",119766,1,70,NA,5,NA
"6853",119768,4,NA,NA,NA,4
"6854",119769,4,NA,NA,NA,3
"6855",119772,1,45,NA,3,NA
"6856",119773,3,NA,NA,NA,NA
"6857",119775,4,NA,NA,NA,7
"6858",119776,4,NA,NA,NA,2
"6859",119777,4,NA,NA,NA,3
"6860",119778,1,20,2,5,NA
"6861",119779,1,38,NA,2,NA
"6862",119780,1,40,NA,2,NA
"6863",119781,2,NA,1,1,NA
"6864",119782,1,16,2,1,NA
"6865",119783,1,48,NA,5,NA
"6866",119785,1,41,NA,2,NA
"6867",119786,3,NA,NA,NA,NA
"6868",119787,1,40,NA,1,NA
"6869",119788,4,NA,NA,NA,3
"6870",119791,4,NA,NA,NA,3
"6871",119795,1,40,NA,3,NA
"6872",119797,4,NA,NA,NA,3
"6873",119798,4,NA,NA,NA,3
"6874",119799,4,NA,NA,NA,3
"6875",119800,4,NA,NA,NA,4
"6876",119801,4,NA,NA,NA,1
"6877",119802,3,NA,NA,NA,NA
"6878",119805,4,NA,NA,NA,4
"6879",119806,1,50,NA,3,NA
"6880",119807,1,38,NA,1,NA
"6881",119808,4,NA,NA,NA,3
"6882",119809,1,41,NA,1,NA
"6883",119810,4,NA,NA,NA,1
"6884",119811,1,50,NA,2,NA
"6885",119813,1,35,NA,3,NA
"6886",119814,4,NA,NA,NA,3
"6887",119815,1,52,NA,2,NA
"6888",119816,4,NA,NA,NA,2
"6889",119817,1,65,NA,5,NA
"6890",119821,4,NA,NA,NA,3
"6891",119824,1,18,2,5,NA
"6892",119825,2,NA,1,5,NA
"6893",119829,1,40,NA,1,NA
"6894",119830,4,NA,NA,NA,1
"6895",119831,1,24,1,5,NA
"6896",119832,4,NA,NA,NA,1
"6897",119833,2,NA,1,1,NA
"6898",119834,1,30,1,5,NA
"6899",119838,1,57,NA,2,NA
"6900",119839,1,5,2,3,NA
"6901",119841,1,60,NA,2,NA
"6902",119842,1,40,NA,1,NA
"6903",119843,1,30,2,5,NA
"6904",119844,4,NA,NA,NA,2
"6905",119845,4,NA,NA,NA,3
"6906",119846,1,40,NA,3,NA
"6907",119848,2,NA,1,1,NA
"6908",119852,4,NA,NA,NA,4
"6909",119854,1,55,NA,1,NA
"6910",119855,1,20,2,1,NA
"6911",119857,4,NA,NA,NA,2
"6912",119859,1,59,NA,1,NA
"6913",119863,1,40,NA,1,NA
"6914",119864,1,30,2,5,NA
"6915",119869,4,NA,NA,NA,2
"6916",119870,4,NA,NA,NA,3
"6917",119871,4,NA,NA,NA,4
"6918",119873,1,20,2,5,NA
"6919",119875,1,40,NA,1,NA
"6920",119876,4,NA,NA,NA,4
"6921",119878,1,42,NA,5,NA
"6922",119879,1,50,NA,3,NA
"6923",119880,1,20,2,5,NA
"6924",119882,1,20,2,5,NA
"6925",119883,4,NA,NA,NA,7
"6926",119885,4,NA,NA,NA,3
"6927",119886,4,NA,NA,NA,3
"6928",119887,4,NA,NA,NA,1
"6929",119889,4,NA,NA,NA,3
"6930",119890,1,60,NA,1,NA
"6931",119891,1,40,NA,5,NA
"6932",119892,1,8,1,5,NA
"6933",119895,1,25,2,2,NA
"6934",119896,4,NA,NA,NA,3
"6935",119897,1,40,NA,5,NA
"6936",119898,1,35,NA,5,NA
"6937",119899,1,35,NA,1,NA
"6938",119901,3,NA,NA,NA,NA
"6939",119903,1,27,2,5,NA
"6940",119905,1,40,NA,1,NA
"6941",119907,4,NA,NA,NA,1
"6942",119908,1,14,2,5,NA
"6943",119910,4,NA,NA,NA,1
"6944",119911,1,35,NA,5,NA
"6945",119913,4,NA,NA,NA,3
"6946",119915,1,25,2,5,NA
"6947",119917,1,48,NA,2,NA
"6948",119918,4,NA,NA,NA,3
"6949",119923,1,7,2,1,NA
"6950",119927,3,NA,NA,NA,NA
"6951",119928,1,40,NA,1,NA
"6952",119929,4,NA,NA,NA,2
"6953",119930,4,NA,NA,NA,2
"6954",119932,4,NA,NA,NA,3
"6955",119934,4,NA,NA,NA,3
"6956",119935,4,NA,NA,NA,1
"6957",119936,1,40,NA,1,NA
"6958",119937,1,40,NA,5,NA
"6959",119939,1,30,2,1,NA
"6960",119940,3,NA,NA,NA,NA
"6961",119941,1,6,2,3,NA
"6962",119942,4,NA,NA,NA,4
"6963",119944,4,NA,NA,NA,3
"6964",119946,4,NA,NA,NA,2
"6965",119947,1,40,NA,5,NA
"6966",119948,4,NA,NA,NA,3
"6967",119949,4,NA,NA,NA,7
"6968",119950,3,NA,NA,NA,NA
"6969",119951,2,NA,1,5,NA
"6970",119953,4,NA,NA,NA,1
"6971",119957,1,23,2,5,NA
"6972",119958,1,15,2,5,NA
"6973",119959,2,NA,2,5,NA
"6974",119960,1,40,NA,1,NA
"6975",119961,4,NA,NA,NA,7
"6976",119963,4,NA,NA,NA,2
"6977",119964,1,45,NA,3,NA
"6978",119965,1,31,2,2,NA
"6979",119966,1,20,2,5,NA
"6980",119968,4,NA,NA,NA,3
"6981",119969,1,40,NA,1,NA
"6982",119970,2,NA,1,1,NA
"6983",119971,4,NA,NA,NA,3
"6984",119972,4,NA,NA,NA,3
"6985",119975,4,NA,NA,NA,2
"6986",119978,3,NA,NA,NA,NA
"6987",119979,4,NA,NA,NA,3
"6988",119980,1,40,NA,1,NA
"6989",119981,4,NA,NA,NA,4
"6990",119982,1,50,NA,3,NA
"6991",119984,4,NA,NA,NA,4
"6992",119985,4,NA,NA,NA,3
"6993",119987,1,50,NA,1,NA
"6994",119988,4,NA,NA,NA,2
"6995",119989,1,20,2,5,NA
"6996",119994,1,36,NA,3,NA
"6997",119995,1,20,2,5,NA
"6998",119996,1,46,NA,5,NA
"6999",119997,1,38,NA,1,NA
"7000",119998,1,40,NA,2,NA
"7001",120000,4,NA,NA,NA,1
"7002",120001,4,NA,NA,NA,4
"7003",120003,3,NA,NA,NA,NA
"7004",120004,4,NA,NA,NA,2
"7005",120005,1,45,NA,3,NA
"7006",120007,4,NA,NA,NA,2
"7007",120010,3,NA,NA,NA,NA
"7008",120011,4,NA,NA,NA,2
"7009",120012,4,NA,NA,NA,2
"7010",120013,4,NA,NA,NA,4
"7011",120016,1,40,NA,3,NA
"7012",120017,1,48,NA,5,NA
"7013",120018,3,NA,NA,NA,NA
"7014",120019,4,NA,NA,NA,4
"7015",120020,1,12,2,3,NA
"7016",120021,1,40,NA,5,NA
"7017",120022,1,72,NA,5,NA
"7018",120023,4,NA,NA,NA,3
"7019",120025,1,32,2,1,NA
"7020",120026,1,40,NA,2,NA
"7021",120027,1,46,NA,2,NA
"7022",120029,1,40,NA,2,NA
"7023",120030,1,55,NA,5,NA
"7024",120031,4,NA,NA,NA,2
"7025",120033,3,NA,NA,NA,NA
"7026",120035,1,11,2,5,NA
"7027",120038,1,40,NA,1,NA
"7028",120039,3,NA,NA,NA,NA
"7029",120040,4,NA,NA,NA,3
"7030",120041,1,5,2,5,NA
"7031",120042,1,30,1,5,NA
"7032",120043,1,40,NA,1,NA
"7033",120045,4,NA,NA,NA,3
"7034",120047,4,NA,NA,NA,3
"7035",120048,1,45,NA,5,NA
"7036",120049,1,25,1,5,NA
"7037",120051,4,NA,NA,NA,3
"7038",120052,4,NA,NA,NA,3
"7039",120053,1,40,NA,1,NA
"7040",120054,4,NA,NA,NA,3
"7041",120055,3,NA,NA,NA,NA
"7042",120056,1,25,1,3,NA
"7043",120058,3,NA,NA,NA,NA
"7044",120062,4,NA,NA,NA,3
"7045",120063,4,NA,NA,NA,3
"7046",120064,4,NA,NA,NA,3
"7047",120065,2,NA,1,2,NA
"7048",120066,2,NA,2,2,NA
"7049",120067,1,30,2,5,NA
"7050",120068,1,45,NA,1,NA
"7051",120069,1,65,NA,1,NA
"7052",120071,1,43,NA,3,NA
"7053",120073,4,NA,NA,NA,3
"7054",120074,1,5,2,2,NA
"7055",120075,4,NA,NA,NA,3
"7056",120076,3,NA,NA,NA,NA
"7057",120078,4,NA,NA,NA,3
"7058",120079,1,24,1,2,NA
"7059",120080,4,NA,NA,NA,4
"7060",120082,1,75,NA,5,NA
"7061",120084,1,50,NA,1,NA
"7062",120086,4,NA,NA,NA,2
"7063",120087,1,40,NA,1,NA
"7064",120089,1,40,NA,5,NA
"7065",120090,3,NA,NA,NA,NA
"7066",120091,4,NA,NA,NA,3
"7067",120092,4,NA,NA,NA,7
"7068",120094,1,35,NA,5,NA
"7069",120096,4,NA,NA,NA,3
"7070",120097,4,NA,NA,NA,1
"7071",120098,1,40,NA,1,NA
"7072",120099,4,NA,NA,NA,7
"7073",120101,3,NA,NA,NA,NA
"7074",120102,4,NA,NA,NA,4
"7075",120103,4,NA,NA,NA,3
"7076",120104,1,30,1,5,NA
"7077",120105,1,40,NA,1,NA
"7078",120106,1,40,NA,3,NA
"7079",120107,1,50,NA,3,NA
"7080",120109,4,NA,NA,NA,3
"7081",120110,4,NA,NA,NA,4
"7082",120111,1,54,NA,1,NA
"7083",120113,3,NA,NA,NA,NA
"7084",120115,1,40,NA,3,NA
"7085",120116,1,30,2,5,NA
"7086",120117,1,50,NA,1,NA
"7087",120118,1,12,2,2,NA
"7088",120119,4,NA,NA,NA,4
"7089",120120,4,NA,NA,NA,7
"7090",120121,4,NA,NA,NA,7
"7091",120122,4,NA,NA,NA,3
"7092",120123,4,NA,NA,NA,3
"7093",120124,1,32,1,1,NA
"7094",120126,1,65,NA,5,NA
"7095",120127,1,16,2,2,NA
"7096",120129,1,40,NA,3,NA
"7097",120130,1,5,2,3,NA
"7098",120131,1,31,2,5,NA
"7099",120135,1,40,NA,1,NA
"7100",120136,4,NA,NA,NA,1
"7101",120137,4,NA,NA,NA,1
"7102",120140,1,50,NA,5,NA
"7103",120141,4,NA,NA,NA,3
"7104",120142,1,55,NA,5,NA
"7105",120143,1,36,NA,3,NA
"7106",120144,4,NA,NA,NA,3
"7107",120145,1,40,NA,1,NA
"7108",120147,1,40,NA,3,NA
"7109",120148,2,NA,2,1,NA
"7110",120149,1,40,NA,1,NA
"7111",120150,1,40,NA,5,NA
"7112",120152,1,40,NA,5,NA
"7113",120153,4,NA,NA,NA,1
"7114",120154,2,NA,1,2,NA
"7115",120156,1,60,NA,1,NA
"7116",120158,1,40,NA,3,NA
"7117",120159,4,NA,NA,NA,3
"7118",120160,4,NA,NA,NA,7
"7119",120163,1,48,NA,1,NA
"7120",120165,1,38,NA,2,NA
"7121",120167,2,NA,2,5,NA
"7122",120169,1,80,NA,3,NA
"7123",120170,4,NA,NA,NA,7
"7124",120171,1,45,NA,5,NA
"7125",120173,1,50,NA,5,NA
"7126",120177,4,NA,NA,NA,3
"7127",120178,1,40,NA,1,NA
"7128",120179,1,25,2,5,NA
"7129",120180,4,NA,NA,NA,7
"7130",120181,1,40,NA,2,NA
"7131",120183,4,NA,NA,NA,7
"7132",120185,1,60,NA,2,NA
"7133",120186,1,20,2,3,NA
"7134",120188,4,NA,NA,NA,4
"7135",120190,4,NA,NA,NA,3
"7136",120191,4,NA,NA,NA,4
"7137",120193,4,NA,NA,NA,4
"7138",120194,4,NA,NA,NA,4
"7139",120195,1,16,2,2,NA
"7140",120196,4,NA,NA,NA,7
"7141",120197,1,45,NA,1,NA
"7142",120198,1,23,2,1,NA
"7143",120202,1,55,NA,1,NA
"7144",120203,4,NA,NA,NA,4
"7145",120204,4,NA,NA,NA,99
"7146",120205,4,NA,NA,NA,3
"7147",120206,4,NA,NA,NA,4
"7148",120207,1,40,NA,1,NA
"7149",120208,4,NA,NA,NA,3
"7150",120209,1,42,NA,1,NA
"7151",120211,4,NA,NA,NA,4
"7152",120212,1,60,NA,5,NA
"7153",120214,4,NA,NA,NA,3
"7154",120215,1,40,NA,1,NA
"7155",120216,4,NA,NA,NA,2
"7156",120217,1,25,2,5,NA
"7157",120218,1,32,1,5,NA
"7158",120219,4,NA,NA,NA,3
"7159",120220,1,20,2,2,NA
"7160",120223,4,NA,NA,NA,3
"7161",120224,4,NA,NA,NA,3
"7162",120228,1,40,NA,1,NA
"7163",120229,1,32,1,1,NA
"7164",120230,1,16,2,5,NA
"7165",120231,1,40,NA,2,NA
"7166",120239,1,40,NA,1,NA
"7167",120241,4,NA,NA,NA,3
"7168",120244,1,60,NA,5,NA
"7169",120246,1,45,NA,1,NA
"7170",120247,1,30,1,1,NA
"7171",120248,4,NA,NA,NA,3
"7172",120249,4,NA,NA,NA,7
"7173",120250,1,20,2,5,NA
"7174",120251,4,NA,NA,NA,3
"7175",120252,1,45,NA,3,NA
"7176",120255,4,NA,NA,NA,2
"7177",120256,4,NA,NA,NA,2
"7178",120257,4,NA,NA,NA,3
"7179",120258,1,50,NA,5,NA
"7180",120259,4,NA,NA,NA,4
"7181",120260,1,70,NA,3,NA
"7182",120261,4,NA,NA,NA,1
"7183",120262,1,16,1,1,NA
"7184",120263,4,NA,NA,NA,3
"7185",120264,4,NA,NA,NA,2
"7186",120268,4,NA,NA,NA,1
"7187",120270,1,40,NA,3,NA
"7188",120273,4,NA,NA,NA,4
"7189",120276,1,40,NA,1,NA
"7190",120278,4,NA,NA,NA,4
"7191",120279,1,40,NA,1,NA
"7192",120280,1,40,NA,2,NA
"7193",120282,4,NA,NA,NA,3
"7194",120283,3,NA,NA,NA,NA
"7195",120284,1,12,1,5,NA
"7196",120285,4,NA,NA,NA,3
"7197",120286,4,NA,NA,NA,7
"7198",120287,4,NA,NA,NA,3
"7199",120289,1,43,NA,1,NA
"7200",120290,4,NA,NA,NA,4
"7201",120291,1,50,NA,5,NA
"7202",120292,1,40,NA,2,NA
"7203",120293,4,NA,NA,NA,3
"7204",120296,4,NA,NA,NA,1
"7205",120299,1,70,NA,5,NA
"7206",120300,1,35,NA,3,NA
"7207",120302,4,NA,NA,NA,2
"7208",120307,4,NA,NA,NA,4
"7209",120308,4,NA,NA,NA,3
"7210",120310,4,NA,NA,NA,4
"7211",120311,4,NA,NA,NA,1
"7212",120312,1,60,NA,5,NA
"7213",120313,1,40,NA,3,NA
"7214",120314,1,40,NA,1,NA
"7215",120315,1,40,NA,1,NA
"7216",120316,4,NA,NA,NA,7
"7217",120319,4,NA,NA,NA,3
"7218",120321,1,48,NA,3,NA
"7219",120322,4,NA,NA,NA,3
"7220",120324,3,NA,NA,NA,NA
"7221",120325,4,NA,NA,NA,7
"7222",120326,1,5,2,2,NA
"7223",120327,4,NA,NA,NA,3
"7224",120329,1,48,NA,3,NA
"7225",120330,1,40,NA,1,NA
"7226",120331,1,50,NA,1,NA
"7227",120332,4,NA,NA,NA,3
"7228",120333,1,40,NA,1,NA
"7229",120334,1,26,1,5,NA
"7230",120335,1,40,NA,1,NA
"7231",120336,1,40,NA,3,NA
"7232",120338,4,NA,NA,NA,7
"7233",120339,2,NA,1,2,NA
"7234",120340,4,NA,NA,NA,3
"7235",120343,4,NA,NA,NA,1
"7236",120345,4,NA,NA,NA,99
"7237",120346,4,NA,NA,NA,1
"7238",120348,4,NA,NA,NA,4
"7239",120350,1,50,NA,5,NA
"7240",120352,4,NA,NA,NA,3
"7241",120353,4,NA,NA,NA,3
"7242",120354,4,NA,NA,NA,2
"7243",120355,1,30,2,1,NA
"7244",120356,4,NA,NA,NA,1
"7245",120357,1,30,2,5,NA
"7246",120358,1,5,2,2,NA
"7247",120360,4,NA,NA,NA,4
"7248",120361,1,40,NA,5,NA
"7249",120362,4,NA,NA,NA,4
"7250",120363,1,40,NA,3,NA
"7251",120364,3,NA,NA,NA,NA
"7252",120366,1,40,NA,1,NA
"7253",120367,1,37,NA,1,NA
"7254",120368,1,40,NA,5,NA
"7255",120369,1,18,2,5,NA
"7256",120371,4,NA,NA,NA,3
"7257",120372,3,NA,NA,NA,NA
"7258",120373,4,NA,NA,NA,1
"7259",120376,1,80,NA,5,NA
"7260",120377,1,50,NA,1,NA
"7261",120378,4,NA,NA,NA,3
"7262",120379,1,35,NA,1,NA
"7263",120380,1,44,NA,1,NA
"7264",120381,1,30,2,1,NA
"7265",120382,1,60,NA,5,NA
"7266",120384,4,NA,NA,NA,3
"7267",120385,4,NA,NA,NA,2
"7268",120386,4,NA,NA,NA,7
"7269",120387,1,50,NA,5,NA
"7270",120388,1,40,NA,1,NA
"7271",120389,4,NA,NA,NA,2
"7272",120390,4,NA,NA,NA,3
"7273",120391,1,40,NA,5,NA
"7274",120392,4,NA,NA,NA,1
"7275",120393,1,40,NA,1,NA
"7276",120395,1,45,NA,1,NA
"7277",120396,4,NA,NA,NA,4
"7278",120397,1,80,NA,5,NA
"7279",120398,3,NA,NA,NA,NA
"7280",120399,1,20,2,2,NA
"7281",120400,4,NA,NA,NA,2
"7282",120401,4,NA,NA,NA,3
"7283",120403,1,60,NA,1,NA
"7284",120404,4,NA,NA,NA,7
"7285",120405,1,19,2,1,NA
"7286",120407,1,48,NA,3,NA
"7287",120409,1,40,NA,3,NA
"7288",120410,1,38,NA,3,NA
"7289",120411,4,NA,NA,NA,4
"7290",120412,1,40,NA,5,NA
"7291",120413,1,40,NA,2,NA
"7292",120414,4,NA,NA,NA,1
"7293",120415,1,30,1,3,NA
"7294",120416,4,NA,NA,NA,3
"7295",120418,1,47,NA,1,NA
"7296",120419,4,NA,NA,NA,3
"7297",120420,1,47,NA,3,NA
"7298",120422,3,NA,NA,NA,NA
"7299",120426,1,40,NA,1,NA
"7300",120427,1,12,2,5,NA
"7301",120428,1,45,NA,1,NA
"7302",120431,1,8,2,5,NA
"7303",120432,1,40,NA,5,NA
"7304",120434,1,24,2,2,NA
"7305",120435,4,NA,NA,NA,4
"7306",120436,4,NA,NA,NA,4
"7307",120438,4,NA,NA,NA,7
"7308",120440,1,42,NA,2,NA
"7309",120441,4,NA,NA,NA,1
"7310",120442,1,42,NA,1,NA
"7311",120443,3,NA,NA,NA,NA
"7312",120444,1,24,2,1,NA
"7313",120447,1,55,NA,1,NA
"7314",120450,1,18,2,3,NA
"7315",120451,1,9,2,5,NA
"7316",120452,1,32,1,1,NA
"7317",120454,4,NA,NA,NA,1
"7318",120455,4,NA,NA,NA,3
"7319",120456,1,40,NA,1,NA
"7320",120458,4,NA,NA,NA,2
"7321",120459,4,NA,NA,NA,4
"7322",120460,1,12,2,1,NA
"7323",120461,3,NA,NA,NA,NA
"7324",120462,1,41,NA,1,NA
"7325",120463,1,40,NA,2,NA
"7326",120464,1,18,2,2,NA
"7327",120465,1,40,NA,1,NA
"7328",120466,4,NA,NA,NA,2
"7329",120467,1,75,NA,5,NA
"7330",120468,1,40,NA,5,NA
"7331",120469,1,40,NA,1,NA
"7332",120471,4,NA,NA,NA,3
"7333",120472,4,NA,NA,NA,1
"7334",120473,4,NA,NA,NA,3
"7335",120475,1,45,NA,1,NA
"7336",120476,1,33,1,5,NA
"7337",120478,1,60,NA,5,NA
"7338",120479,1,40,NA,5,NA
"7339",120480,1,60,NA,1,NA
"7340",120481,4,NA,NA,NA,1
"7341",120483,1,30,2,3,NA
"7342",120484,1,60,NA,3,NA
"7343",120485,1,45,NA,1,NA
"7344",120486,4,NA,NA,NA,7
"7345",120487,4,NA,NA,NA,3
"7346",120490,4,NA,NA,NA,4
"7347",120491,1,40,NA,1,NA
"7348",120494,1,11,2,3,NA
"7349",120497,1,60,NA,1,NA
"7350",120498,4,NA,NA,NA,2
"7351",120500,1,40,NA,2,NA
"7352",120501,4,NA,NA,NA,3
"7353",120503,4,NA,NA,NA,2
"7354",120504,4,NA,NA,NA,7
"7355",120506,4,NA,NA,NA,3
"7356",120509,1,36,NA,1,NA
"7357",120510,4,NA,NA,NA,4
"7358",120511,1,40,NA,1,NA
"7359",120512,4,NA,NA,NA,1
"7360",120515,4,NA,NA,NA,7
"7361",120516,1,40,NA,1,NA
"7362",120517,1,50,NA,1,NA
"7363",120519,1,36,NA,2,NA
"7364",120521,4,NA,NA,NA,3
"7365",120522,1,10,1,3,NA
"7366",120523,4,NA,NA,NA,1
"7367",120526,4,NA,NA,NA,1
"7368",120527,4,NA,NA,NA,7
"7369",120528,1,20,2,1,NA
"7370",120529,1,15,2,2,NA
"7371",120531,4,NA,NA,NA,1
"7372",120532,1,40,NA,1,NA
"7373",120534,4,NA,NA,NA,2
"7374",120535,4,NA,NA,NA,3
"7375",120536,1,5,2,2,NA
"7376",120538,4,NA,NA,NA,7
"7377",120540,1,54,NA,5,NA
"7378",120541,1,40,NA,1,NA
"7379",120542,4,NA,NA,NA,3
"7380",120544,4,NA,NA,NA,3
"7381",120545,4,NA,NA,NA,4
"7382",120549,1,48,NA,5,NA
"7383",120552,1,28,2,5,NA
"7384",120553,4,NA,NA,NA,4
"7385",120555,4,NA,NA,NA,4
"7386",120556,4,NA,NA,NA,3
"7387",120557,4,NA,NA,NA,3
"7388",120558,1,70,NA,1,NA
"7389",120560,1,21,2,1,NA
"7390",120561,1,60,NA,1,NA
"7391",120563,4,NA,NA,NA,4
"7392",120566,4,NA,NA,NA,4
"7393",120567,4,NA,NA,NA,3
"7394",120570,4,NA,NA,NA,4
"7395",120571,1,40,NA,1,NA
"7396",120572,4,NA,NA,NA,3
"7397",120573,1,30,1,3,NA
"7398",120574,4,NA,NA,NA,1
"7399",120576,1,40,NA,1,NA
"7400",120577,1,40,NA,1,NA
"7401",120580,1,77,NA,5,NA
"7402",120581,1,40,NA,3,NA
"7403",120582,4,NA,NA,NA,3
"7404",120584,4,NA,NA,NA,3
"7405",120585,1,40,NA,3,NA
"7406",120586,1,20,2,5,NA
"7407",120587,1,50,NA,1,NA
"7408",120590,4,NA,NA,NA,3
"7409",120591,4,NA,NA,NA,3
"7410",120593,3,NA,NA,NA,NA
"7411",120594,4,NA,NA,NA,4
"7412",120596,4,NA,NA,NA,1
"7413",120597,4,NA,NA,NA,7
"7414",120598,1,30,1,3,NA
"7415",120600,4,NA,NA,NA,3
"7416",120601,1,30,2,2,NA
"7417",120603,3,NA,NA,NA,NA
"7418",120607,4,NA,NA,NA,4
"7419",120608,1,25,2,5,NA
"7420",120609,1,50,NA,5,NA
"7421",120610,1,54,NA,5,NA
"7422",120611,4,NA,NA,NA,3
"7423",120613,4,NA,NA,NA,3
"7424",120614,1,45,NA,1,NA
"7425",120616,2,NA,1,5,NA
"7426",120617,1,45,NA,5,NA
"7427",120618,4,NA,NA,NA,1
"7428",120620,4,NA,NA,NA,2
"7429",120623,1,32,1,1,NA
"7430",120624,1,50,NA,5,NA
"7431",120625,1,38,NA,1,NA
"7432",120627,4,NA,NA,NA,3
"7433",120629,1,45,NA,1,NA
"7434",120631,1,18,2,5,NA
"7435",120633,1,70,NA,3,NA
"7436",120634,4,NA,NA,NA,3
"7437",120635,1,45,NA,1,NA
"7438",120636,1,15,1,1,NA
"7439",120640,4,NA,NA,NA,4
"7440",120641,1,50,NA,5,NA
"7441",120642,3,NA,NA,NA,NA
"7442",120645,3,NA,NA,NA,NA
"7443",120647,4,NA,NA,NA,3
"7444",120648,1,40,NA,1,NA
"7445",120650,4,NA,NA,NA,4
"7446",120651,4,NA,NA,NA,4
"7447",120652,4,NA,NA,NA,4
"7448",120653,1,20,2,3,NA
"7449",120654,1,40,NA,5,NA
"7450",120656,4,NA,NA,NA,3
"7451",120658,4,NA,NA,NA,4
"7452",120659,1,30,2,1,NA
"7453",120661,1,15,2,5,NA
"7454",120662,4,NA,NA,NA,7
"7455",120663,3,NA,NA,NA,NA
"7456",120666,4,NA,NA,NA,7
"7457",120667,4,NA,NA,NA,3
"7458",120671,4,NA,NA,NA,3
"7459",120675,1,30,1,1,NA
"7460",120676,1,40,NA,1,NA
"7461",120677,1,30,2,5,NA
"7462",120678,1,40,NA,2,NA
"7463",120681,1,40,NA,2,NA
"7464",120683,4,NA,NA,NA,3
"7465",120684,1,75,NA,5,NA
"7466",120685,1,60,NA,5,NA
"7467",120687,4,NA,NA,NA,1
"7468",120688,4,NA,NA,NA,4
"7469",120691,4,NA,NA,NA,3
"7470",120692,4,NA,NA,NA,4
"7471",120694,1,40,NA,1,NA
"7472",120696,1,50,NA,2,NA
"7473",120698,1,48,NA,5,NA
"7474",120699,4,NA,NA,NA,3
"7475",120700,1,34,2,5,NA
"7476",120702,1,40,NA,1,NA
"7477",120704,1,50,NA,5,NA
"7478",120708,3,NA,NA,NA,NA
"7479",120709,3,NA,NA,NA,NA
"7480",120710,1,40,NA,3,NA
"7481",120711,1,60,NA,3,NA
"7482",120712,1,10,2,2,NA
"7483",120714,4,NA,NA,NA,3
"7484",120717,4,NA,NA,NA,2
"7485",120718,4,NA,NA,NA,3
"7486",120719,4,NA,NA,NA,3
"7487",120720,1,39,NA,5,NA
"7488",120723,1,40,NA,3,NA
"7489",120727,1,50,NA,2,NA
"7490",120730,4,NA,NA,NA,7
"7491",120731,1,50,NA,1,NA
"7492",120733,4,NA,NA,NA,7
"7493",120734,4,NA,NA,NA,4
"7494",120736,4,NA,NA,NA,2
"7495",120737,1,45,NA,3,NA
"7496",120738,1,50,NA,3,NA
"7497",120739,1,40,NA,1,NA
"7498",120742,1,40,NA,1,NA
"7499",120743,4,NA,NA,NA,3
"7500",120745,1,40,NA,3,NA
"7501",120746,1,46,NA,5,NA
"7502",120747,4,NA,NA,NA,3
"7503",120748,1,50,NA,1,NA
"7504",120749,2,NA,1,5,NA
"7505",120751,3,NA,NA,NA,NA
"7506",120752,4,NA,NA,NA,3
"7507",120754,4,NA,NA,NA,3
"7508",120756,4,NA,NA,NA,3
"7509",120757,3,NA,NA,NA,NA
"7510",120761,3,NA,NA,NA,NA
"7511",120762,1,44,NA,1,NA
"7512",120769,1,60,NA,5,NA
"7513",120770,1,20,1,5,NA
"7514",120773,4,NA,NA,NA,3
"7515",120774,1,40,NA,5,NA
"7516",120778,1,55,NA,5,NA
"7517",120779,1,80,NA,5,NA
"7518",120780,1,45,NA,3,NA
"7519",120781,1,50,NA,5,NA
"7520",120782,1,40,NA,3,NA
"7521",120784,4,NA,NA,NA,1
"7522",120788,1,40,NA,1,NA
"7523",120790,1,40,NA,3,NA
"7524",120791,4,NA,NA,NA,3
"7525",120792,4,NA,NA,NA,4
"7526",120793,1,6,2,5,NA
"7527",120794,4,NA,NA,NA,1
"7528",120796,4,NA,NA,NA,1
"7529",120797,4,NA,NA,NA,3
"7530",120798,4,NA,NA,NA,4
"7531",120799,4,NA,NA,NA,3
"7532",120802,1,20,2,2,NA
"7533",120803,1,40,NA,5,NA
"7534",120804,1,40,NA,1,NA
"7535",120810,4,NA,NA,NA,2
"7536",120814,3,NA,NA,NA,NA
"7537",120817,1,40,NA,1,NA
"7538",120819,1,45,NA,5,NA
"7539",120821,4,NA,NA,NA,3
"7540",120823,4,NA,NA,NA,4
"7541",120824,4,NA,NA,NA,7
"7542",120825,1,40,NA,1,NA
"7543",120826,4,NA,NA,NA,1
"7544",120827,1,35,NA,1,NA
"7545",120828,4,NA,NA,NA,3
"7546",120829,1,32,2,1,NA
"7547",120830,4,NA,NA,NA,3
"7548",120831,1,50,NA,1,NA
"7549",120832,1,40,NA,1,NA
"7550",120833,4,NA,NA,NA,3
"7551",120834,4,NA,NA,NA,3
"7552",120836,2,NA,2,5,NA
"7553",120837,3,NA,NA,NA,NA
"7554",120838,4,NA,NA,NA,3
"7555",120839,1,80,NA,5,NA
"7556",120840,2,NA,1,5,NA
"7557",120841,1,40,NA,3,NA
"7558",120842,3,NA,NA,NA,NA
"7559",120843,1,40,NA,1,NA
"7560",120846,1,20,2,2,NA
"7561",120847,4,NA,NA,NA,1
"7562",120848,2,NA,1,1,NA
"7563",120849,1,40,NA,3,NA
"7564",120851,1,40,NA,3,NA
"7565",120855,1,31,1,1,NA
"7566",120857,1,15,2,1,NA
"7567",120859,1,10,1,5,NA
"7568",120860,1,20,2,5,NA
"7569",120861,1,15,2,1,NA
"7570",120862,4,NA,NA,NA,3
"7571",120863,1,40,NA,2,NA
"7572",120864,1,40,NA,3,NA
"7573",120866,1,23,2,5,NA
"7574",120868,4,NA,NA,NA,3
"7575",120869,1,50,NA,5,NA
"7576",120870,2,NA,1,1,NA
"7577",120873,4,NA,NA,NA,4
"7578",120874,1,22,2,1,NA
"7579",120875,1,45,NA,1,NA
"7580",120876,1,50,NA,5,NA
"7581",120878,1,48,NA,2,NA
"7582",120879,1,40,NA,2,NA
"7583",120880,4,NA,NA,NA,2
"7584",120881,1,55,NA,1,NA
"7585",120882,3,NA,NA,NA,NA
"7586",120883,4,NA,NA,NA,1
"7587",120884,4,NA,NA,NA,3
"7588",120885,4,NA,NA,NA,4
"7589",120886,4,NA,NA,NA,3
"7590",120887,4,NA,NA,NA,7
"7591",120888,1,20,2,5,NA
"7592",120889,4,NA,NA,NA,1
"7593",120890,4,NA,NA,NA,4
"7594",120894,4,NA,NA,NA,2
"7595",120897,1,30,2,1,NA
"7596",120898,3,NA,NA,NA,NA
"7597",120899,1,45,NA,1,NA
"7598",120901,4,NA,NA,NA,4
"7599",120904,4,NA,NA,NA,3
"7600",120905,1,24,2,3,NA
"7601",120908,1,20,2,5,NA
"7602",120909,4,NA,NA,NA,3
"7603",120910,4,NA,NA,NA,4
"7604",120911,1,40,NA,3,NA
"7605",120912,1,40,NA,3,NA
"7606",120916,1,32,1,3,NA
"7607",120917,4,NA,NA,NA,3
"7608",120920,1,40,NA,1,NA
"7609",120921,1,40,NA,1,NA
"7610",120922,1,50,NA,2,NA
"7611",120924,4,NA,NA,NA,4
"7612",120925,1,60,NA,2,NA
"7613",120926,4,NA,NA,NA,3
"7614",120927,4,NA,NA,NA,4
"7615",120928,1,28,1,5,NA
"7616",120930,4,NA,NA,NA,3
"7617",120931,4,NA,NA,NA,4
"7618",120933,4,NA,NA,NA,3
"7619",120934,4,NA,NA,NA,4
"7620",120936,1,40,NA,5,NA
"7621",120937,1,16,2,1,NA
"7622",120939,4,NA,NA,NA,3
"7623",120940,3,NA,NA,NA,NA
"7624",120941,4,NA,NA,NA,3
"7625",120943,1,40,NA,1,NA
"7626",120944,1,60,NA,1,NA
"7627",120945,1,48,NA,2,NA
"7628",120946,4,NA,NA,NA,3
"7629",120948,1,50,NA,3,NA
"7630",120950,1,40,NA,5,NA
"7631",120951,4,NA,NA,NA,7
"7632",120953,1,64,NA,5,NA
"7633",120956,1,43,NA,1,NA
"7634",120958,4,NA,NA,NA,2
"7635",120959,1,38,NA,3,NA
"7636",120960,1,37,NA,2,NA
"7637",120962,1,80,NA,5,NA
"7638",120964,4,NA,NA,NA,4
"7639",120965,1,60,NA,5,NA
"7640",120967,1,40,NA,1,NA
"7641",120968,2,NA,1,5,NA
"7642",120969,1,38,NA,1,NA
"7643",120971,1,50,NA,3,NA
"7644",120972,1,60,NA,5,NA
"7645",120973,4,NA,NA,NA,3
"7646",120974,1,48,NA,1,NA
"7647",120975,1,26,1,3,NA
"7648",120976,4,NA,NA,NA,2
"7649",120978,1,40,NA,1,NA
"7650",120979,4,NA,NA,NA,4
"7651",120981,4,NA,NA,NA,3
"7652",120982,1,40,NA,1,NA
"7653",120983,1,60,NA,1,NA
"7654",120984,1,40,NA,1,NA
"7655",120985,4,NA,NA,NA,3
"7656",120987,4,NA,NA,NA,1
"7657",120989,1,45,NA,2,NA
"7658",120990,2,NA,2,5,NA
"7659",120991,1,28,2,3,NA
"7660",120992,1,40,NA,3,NA
"7661",120994,4,NA,NA,NA,4
"7662",120995,3,NA,NA,NA,NA
"7663",120999,1,30,2,3,NA
"7664",121000,1,40,NA,1,NA
"7665",121001,4,NA,NA,NA,4
"7666",121002,4,NA,NA,NA,4
"7667",121005,4,NA,NA,NA,3
"7668",121006,4,NA,NA,NA,3
"7669",121008,1,40,NA,1,NA
"7670",121009,4,NA,NA,NA,1
"7671",121011,1,40,NA,1,NA
"7672",121012,1,59,NA,5,NA
"7673",121015,4,NA,NA,NA,7
"7674",121020,1,60,NA,3,NA
"7675",121022,1,40,NA,5,NA
"7676",121023,1,40,NA,1,NA
"7677",121026,1,45,NA,1,NA
"7678",121027,1,46,NA,5,NA
"7679",121029,4,NA,NA,NA,3
"7680",121030,4,NA,NA,NA,1
"7681",121032,4,NA,NA,NA,1
"7682",121033,4,NA,NA,NA,2
"7683",121034,4,NA,NA,NA,3
"7684",121037,4,NA,NA,NA,1
"7685",121038,1,48,NA,1,NA
"7686",121039,4,NA,NA,NA,4
"7687",121041,1,40,NA,3,NA
"7688",121042,4,NA,NA,NA,1
"7689",121043,1,25,1,1,NA
"7690",121045,1,55,NA,5,NA
"7691",121047,4,NA,NA,NA,3
"7692",121048,1,40,NA,1,NA
"7693",121049,1,25,1,1,NA
"7694",121052,1,44,NA,5,NA
"7695",121053,1,25,2,3,NA
"7696",121057,1,40,NA,1,NA
"7697",121058,1,40,NA,1,NA
"7698",121059,1,53,NA,5,NA
"7699",121060,3,NA,NA,NA,NA
"7700",121061,4,NA,NA,NA,4
"7701",121063,1,17,2,3,NA
"7702",121064,2,NA,1,2,NA
"7703",121065,4,NA,NA,NA,3
"7704",121067,1,50,NA,5,NA
"7705",121068,4,NA,NA,NA,4
"7706",121069,1,75,NA,2,NA
"7707",121070,4,NA,NA,NA,1
"7708",121071,1,5,2,2,NA
"7709",121072,4,NA,NA,NA,3
"7710",121073,4,NA,NA,NA,3
"7711",121074,1,50,NA,3,NA
"7712",121076,2,NA,2,3,NA
"7713",121077,1,40,NA,3,NA
"7714",121078,3,NA,NA,NA,NA
"7715",121080,1,40,NA,2,NA
"7716",121081,4,NA,NA,NA,1
"7717",121082,3,NA,NA,NA,NA
"7718",121083,3,NA,NA,NA,NA
"7719",121084,1,64,NA,1,NA
"7720",121088,4,NA,NA,NA,1
"7721",121089,4,NA,NA,NA,3
"7722",121090,1,17,2,5,NA
"7723",121091,3,NA,NA,NA,NA
"7724",121092,1,40,NA,1,NA
"7725",121094,1,55,NA,2,NA
"7726",121095,4,NA,NA,NA,4
"7727",121098,1,40,NA,2,NA
"7728",121099,4,NA,NA,NA,3
"7729",121101,1,40,NA,3,NA
"7730",121102,4,NA,NA,NA,4
"7731",121104,4,NA,NA,NA,4
"7732",121105,3,NA,NA,NA,NA
"7733",121106,1,30,1,3,NA
"7734",121108,4,NA,NA,NA,3
"7735",121110,1,40,NA,2,NA
"7736",121111,4,NA,NA,NA,2
"7737",121114,3,NA,NA,NA,NA
"7738",121115,4,NA,NA,NA,3
"7739",121116,4,NA,NA,NA,2
"7740",121117,1,26,1,5,NA
"7741",121119,3,NA,NA,NA,NA
"7742",121120,1,40,NA,2,NA
"7743",121122,1,5,1,5,NA
"7744",121123,1,27,2,1,NA
"7745",121125,1,40,NA,1,NA
"7746",121126,1,40,NA,1,NA
"7747",121134,2,NA,2,5,NA
"7748",121135,1,50,NA,5,NA
"7749",121136,4,NA,NA,NA,3
"7750",121138,1,45,NA,1,NA
"7751",121139,1,46,NA,1,NA
"7752",121140,4,NA,NA,NA,2
"7753",121142,4,NA,NA,NA,3
"7754",121143,1,40,NA,3,NA
"7755",121146,1,20,2,5,NA
"7756",121147,1,80,NA,5,NA
"7757",121148,1,40,NA,3,NA
"7758",121149,1,40,NA,1,NA
"7759",121150,4,NA,NA,NA,3
"7760",121153,1,45,NA,5,NA
"7761",121154,4,NA,NA,NA,1
"7762",121156,3,NA,NA,NA,NA
"7763",121157,1,40,NA,1,NA
"7764",121160,4,NA,NA,NA,3
"7765",121162,1,15,2,5,NA
"7766",121163,4,NA,NA,NA,3
"7767",121164,1,25,1,5,NA
"7768",121165,1,53,NA,5,NA
"7769",121169,1,50,NA,1,NA
"7770",121171,1,20,2,2,NA
"7771",121172,4,NA,NA,NA,4
"7772",121173,4,NA,NA,NA,4
"7773",121174,1,40,NA,1,NA
"7774",121175,1,40,NA,5,NA
"7775",121176,4,NA,NA,NA,4
"7776",121177,4,NA,NA,NA,2
"7777",121178,4,NA,NA,NA,3
"7778",121179,1,40,NA,2,NA
"7779",121181,1,60,NA,3,NA
"7780",121182,1,45,NA,3,NA
"7781",121183,4,NA,NA,NA,3
"7782",121185,2,NA,1,1,NA
"7783",121186,1,31,2,3,NA
"7784",121187,4,NA,NA,NA,4
"7785",121188,1,40,NA,5,NA
"7786",121192,4,NA,NA,NA,2
"7787",121194,1,64,NA,5,NA
"7788",121197,4,NA,NA,NA,4
"7789",121198,4,NA,NA,NA,2
"7790",121199,1,40,NA,3,NA
"7791",121200,1,12,1,3,NA
"7792",121201,1,60,NA,3,NA
"7793",121203,4,NA,NA,NA,3
"7794",121204,2,NA,1,5,NA
"7795",121205,1,31,1,3,NA
"7796",121206,1,25,2,5,NA
"7797",121207,2,NA,2,5,NA
"7798",121208,4,NA,NA,NA,1
"7799",121209,1,40,NA,3,NA
"7800",121210,1,18,1,3,NA
"7801",121211,1,40,NA,5,NA
"7802",121213,1,30,1,5,NA
"7803",121215,4,NA,NA,NA,1
"7804",121217,3,NA,NA,NA,NA
"7805",121219,1,58,NA,5,NA
"7806",121220,1,50,NA,3,NA
"7807",121221,4,NA,NA,NA,1
"7808",121227,1,40,NA,2,NA
"7809",121228,1,36,NA,3,NA
"7810",121231,4,NA,NA,NA,4
"7811",121235,4,NA,NA,NA,2
"7812",121236,4,NA,NA,NA,3
"7813",121237,4,NA,NA,NA,4
"7814",121240,1,37,NA,1,NA
"7815",121242,1,40,NA,2,NA
"7816",121243,1,40,NA,1,NA
"7817",121244,4,NA,NA,NA,2
"7818",121245,1,25,1,1,NA
"7819",121246,1,36,NA,2,NA
"7820",121247,4,NA,NA,NA,2
"7821",121248,1,26,2,5,NA
"7822",121249,4,NA,NA,NA,3
"7823",121251,4,NA,NA,NA,3
"7824",121253,1,24,1,1,NA
"7825",121254,1,40,NA,1,NA
"7826",121255,1,40,NA,3,NA
"7827",121256,3,NA,NA,NA,NA
"7828",121258,1,35,NA,1,NA
"7829",121259,1,50,NA,1,NA
"7830",121260,4,NA,NA,NA,3
"7831",121261,1,40,NA,1,NA
"7832",121262,1,8,2,5,NA
"7833",121264,1,75,NA,5,NA
"7834",121266,1,40,NA,5,NA
"7835",121269,1,46,NA,3,NA
"7836",121270,1,40,NA,2,NA
"7837",121272,4,NA,NA,NA,3
"7838",121273,4,NA,NA,NA,2
"7839",121274,1,40,NA,5,NA
"7840",121276,1,45,NA,1,NA
"7841",121277,4,NA,NA,NA,3
"7842",121279,1,48,NA,2,NA
"7843",121284,1,55,NA,5,NA
"7844",121286,1,42,NA,1,NA
"7845",121287,1,50,NA,1,NA
"7846",121290,1,60,NA,3,NA
"7847",121291,4,NA,NA,NA,3
"7848",121293,2,NA,1,3,NA
"7849",121294,4,NA,NA,NA,3
"7850",121295,1,16,2,1,NA
"7851",121296,1,20,1,5,NA
"7852",121297,1,15,2,2,NA
"7853",121299,1,16,2,1,NA
"7854",121301,4,NA,NA,NA,4
"7855",121302,1,32,1,2,NA
"7856",121303,1,50,NA,5,NA
"7857",121304,1,46,NA,3,NA
"7858",121305,3,NA,NA,NA,NA
"7859",121308,1,30,1,5,NA
"7860",121309,4,NA,NA,NA,3
"7861",121311,3,NA,NA,NA,NA
"7862",121313,1,48,NA,5,NA
"7863",121315,1,40,NA,3,NA
"7864",121317,4,NA,NA,NA,4
"7865",121318,1,36,NA,2,NA
"7866",121319,1,45,NA,1,NA
"7867",121321,2,NA,1,5,NA
"7868",121322,1,32,1,1,NA
"7869",121323,4,NA,NA,NA,3
"7870",121324,1,40,NA,3,NA
"7871",121325,1,48,NA,5,NA
"7872",121326,4,NA,NA,NA,3
"7873",121328,1,45,NA,1,NA
"7874",121329,4,NA,NA,NA,1
"7875",121330,1,40,NA,1,NA
"7876",121333,1,40,NA,1,NA
"7877",121334,4,NA,NA,NA,3
"7878",121335,1,42,NA,1,NA
"7879",121336,1,16,2,5,NA
"7880",121337,4,NA,NA,NA,4
"7881",121339,4,NA,NA,NA,4
"7882",121340,1,48,NA,3,NA
"7883",121341,2,NA,1,5,NA
"7884",121342,4,NA,NA,NA,2
"7885",121343,1,20,2,1,NA
"7886",121345,1,13,2,1,NA
"7887",121346,1,36,NA,1,NA
"7888",121348,1,37,NA,1,NA
"7889",121349,4,NA,NA,NA,3
"7890",121350,4,NA,NA,NA,4
"7891",121351,1,45,NA,1,NA
"7892",121353,1,50,NA,1,NA
"7893",121355,1,40,NA,1,NA
"7894",121357,4,NA,NA,NA,4
"7895",121358,1,50,NA,3,NA
"7896",121359,4,NA,NA,NA,1
"7897",121360,4,NA,NA,NA,3
"7898",121361,4,NA,NA,NA,7
"7899",121364,4,NA,NA,NA,1
"7900",121365,2,NA,1,5,NA
"7901",121367,1,24,1,1,NA
"7902",121368,1,40,NA,5,NA
"7903",121371,1,60,NA,1,NA
"7904",121373,4,NA,NA,NA,3
"7905",121374,1,42,NA,1,NA
"7906",121378,4,NA,NA,NA,1
"7907",121379,4,NA,NA,NA,4
"7908",121380,4,NA,NA,NA,7
"7909",121381,1,20,2,5,NA
"7910",121382,1,45,NA,7,NA
"7911",121383,4,NA,NA,NA,3
"7912",121384,4,NA,NA,NA,4
"7913",121386,4,NA,NA,NA,7
"7914",121387,1,45,NA,1,NA
"7915",121390,1,27,2,5,NA
"7916",121391,4,NA,NA,NA,4
"7917",121392,1,40,NA,5,NA
"7918",121393,1,42,NA,5,NA
"7919",121394,1,40,NA,3,NA
"7920",121395,4,NA,NA,NA,1
"7921",121398,4,NA,NA,NA,3
"7922",121399,1,5,2,5,NA
"7923",121400,4,NA,NA,NA,2
"7924",121401,4,NA,NA,NA,1
"7925",121404,1,40,NA,1,NA
"7926",121405,2,NA,2,5,NA
"7927",121406,4,NA,NA,NA,3
"7928",121407,4,NA,NA,NA,4
"7929",121408,1,34,1,5,NA
"7930",121410,1,40,NA,3,NA
"7931",121411,4,NA,NA,NA,3
"7932",121413,1,5,2,5,NA
"7933",121414,1,50,NA,5,NA
"7934",121415,4,NA,NA,NA,3
"7935",121417,4,NA,NA,NA,7
"7936",121418,4,NA,NA,NA,3
"7937",121420,4,NA,NA,NA,3
"7938",121421,4,NA,NA,NA,4
"7939",121422,1,12,2,5,NA
"7940",121424,1,5,2,5,NA
"7941",121425,1,36,NA,1,NA
"7942",121426,4,NA,NA,NA,3
"7943",121427,4,NA,NA,NA,3
"7944",121428,1,40,NA,1,NA
"7945",121429,3,NA,NA,NA,NA
"7946",121431,3,NA,NA,NA,NA
"7947",121432,1,22,2,1,NA
"7948",121433,4,NA,NA,NA,2
"7949",121435,4,NA,NA,NA,4
"7950",121436,1,40,NA,3,NA
"7951",121438,4,NA,NA,NA,3
"7952",121440,1,25,2,2,NA
"7953",121441,4,NA,NA,NA,2
"7954",121442,1,25,2,1,NA
"7955",121443,1,55,NA,5,NA
"7956",121444,1,50,NA,5,NA
"7957",121445,4,NA,NA,NA,4
"7958",121448,4,NA,NA,NA,4
"7959",121450,4,NA,NA,NA,3
"7960",121451,1,40,NA,2,NA
"7961",121453,1,60,NA,5,NA
"7962",121454,4,NA,NA,NA,3
"7963",121456,4,NA,NA,NA,3
"7964",121457,4,NA,NA,NA,3
"7965",121458,1,45,NA,5,NA
"7966",121459,4,NA,NA,NA,7
"7967",121460,4,NA,NA,NA,4
"7968",121461,4,NA,NA,NA,1
"7969",121462,4,NA,NA,NA,4
"7970",121464,1,41,NA,3,NA
"7971",121465,1,50,NA,5,NA
"7972",121467,4,NA,NA,NA,7
"7973",121468,1,80,NA,1,NA
"7974",121470,1,35,NA,5,NA
"7975",121471,1,40,NA,1,NA
"7976",121473,4,NA,NA,NA,3
"7977",121474,4,NA,NA,NA,2
"7978",121475,4,NA,NA,NA,4
"7979",121476,4,NA,NA,NA,4
"7980",121477,4,NA,NA,NA,4
"7981",121479,1,60,NA,2,NA
"7982",121480,4,NA,NA,NA,3
"7983",121481,4,NA,NA,NA,2
"7984",121483,1,30,2,5,NA
"7985",121484,1,40,NA,5,NA
"7986",121485,1,31,1,2,NA
"7987",121486,3,NA,NA,NA,NA
"7988",121488,1,32,1,3,NA
"7989",121489,4,NA,NA,NA,3
"7990",121490,4,NA,NA,NA,1
"7991",121491,4,NA,NA,NA,7
"7992",121493,1,52,NA,1,NA
"7993",121494,4,NA,NA,NA,3
"7994",121496,1,40,NA,5,NA
"7995",121500,1,40,NA,3,NA
"7996",121502,1,40,NA,1,NA
"7997",121505,1,24,1,1,NA
"7998",121506,1,49,NA,5,NA
"7999",121507,1,66,NA,2,NA
"8000",121508,4,NA,NA,NA,3
"8001",121509,1,30,2,1,NA
"8002",121512,4,NA,NA,NA,3
"8003",121513,4,NA,NA,NA,1
"8004",121515,1,38,NA,5,NA
"8005",121517,4,NA,NA,NA,3
"8006",121519,4,NA,NA,NA,3
"8007",121520,1,40,NA,1,NA
"8008",121521,1,20,2,3,NA
"8009",121524,1,24,2,1,NA
"8010",121525,4,NA,NA,NA,3
"8011",121526,4,NA,NA,NA,7
"8012",121528,1,12,2,5,NA
"8013",121530,1,40,NA,1,NA
"8014",121532,4,NA,NA,NA,1
"8015",121533,1,42,NA,5,NA
"8016",121534,1,30,1,5,NA
"8017",121535,1,40,NA,1,NA
"8018",121538,4,NA,NA,NA,2
"8019",121540,1,46,NA,1,NA
"8020",121543,4,NA,NA,NA,4
"8021",121544,4,NA,NA,NA,1
"8022",121548,4,NA,NA,NA,3
"8023",121549,4,NA,NA,NA,3
"8024",121550,4,NA,NA,NA,4
"8025",121551,4,NA,NA,NA,3
"8026",121554,1,62,NA,5,NA
"8027",121556,4,NA,NA,NA,3
"8028",121558,4,NA,NA,NA,2
"8029",121559,1,40,NA,1,NA
"8030",121561,1,8,2,5,NA
"8031",121564,1,40,NA,1,NA
"8032",121565,4,NA,NA,NA,1
"8033",121569,4,NA,NA,NA,4
"8034",121570,1,40,NA,3,NA
"8035",121571,1,55,NA,5,NA
"8036",121572,1,45,NA,1,NA
"8037",121576,1,32,1,1,NA
"8038",121577,1,24,2,2,NA
"8039",121578,1,48,NA,5,NA
"8040",121579,1,16,2,2,NA
"8041",121580,4,NA,NA,NA,3
"8042",121581,4,NA,NA,NA,2
"8043",121582,1,30,1,5,NA
"8044",121585,1,72,NA,3,NA
"8045",121587,1,10,1,2,NA
"8046",121588,4,NA,NA,NA,3
"8047",121589,4,NA,NA,NA,3
"8048",121590,4,NA,NA,NA,3
"8049",121591,1,40,NA,1,NA
"8050",121592,1,35,NA,5,NA
"8051",121593,4,NA,NA,NA,4
"8052",121594,4,NA,NA,NA,2
"8053",121595,4,NA,NA,NA,4
"8054",121597,1,40,NA,2,NA
"8055",121598,4,NA,NA,NA,2
"8056",121599,1,40,NA,3,NA
"8057",121601,4,NA,NA,NA,3
"8058",121603,1,28,1,1,NA
"8059",121604,1,27,1,1,NA
"8060",121606,1,32,1,3,NA
"8061",121607,4,NA,NA,NA,3
"8062",121610,1,50,NA,1,NA
"8063",121611,4,NA,NA,NA,2
"8064",121616,4,NA,NA,NA,3
"8065",121618,2,NA,1,3,NA
"8066",121620,4,NA,NA,NA,4
"8067",121621,4,NA,NA,NA,3
"8068",121622,2,NA,2,5,NA
"8069",121623,4,NA,NA,NA,3
"8070",121625,4,NA,NA,NA,3
"8071",121629,3,NA,NA,NA,NA
"8072",121630,1,45,NA,3,NA
"8073",121631,3,NA,NA,NA,NA
"8074",121632,1,50,NA,5,NA
"8075",121634,4,NA,NA,NA,1
"8076",121635,4,NA,NA,NA,3
"8077",121637,4,NA,NA,NA,3
"8078",121638,1,32,2,3,NA
"8079",121639,4,NA,NA,NA,3
"8080",121641,1,40,NA,1,NA
"8081",121642,1,36,NA,1,NA
"8082",121643,1,40,NA,2,NA
"8083",121644,1,40,NA,3,NA
"8084",121645,4,NA,NA,NA,3
"8085",121646,3,NA,NA,NA,NA
"8086",121647,1,45,NA,5,NA
"8087",121648,2,NA,2,5,NA
"8088",121649,4,NA,NA,NA,3
"8089",121650,1,48,NA,2,NA
"8090",121651,4,NA,NA,NA,7
"8091",121652,4,NA,NA,NA,1
"8092",121653,1,40,NA,1,NA
"8093",121654,4,NA,NA,NA,4
"8094",121657,4,NA,NA,NA,1
"8095",121660,4,NA,NA,NA,4
"8096",121662,1,20,1,5,NA
"8097",121663,1,32,1,1,NA
"8098",121664,1,10,2,5,NA
"8099",121665,1,40,NA,5,NA
"8100",121668,4,NA,NA,NA,3
"8101",121669,1,40,NA,5,NA
"8102",121670,1,58,NA,3,NA
"8103",121671,1,28,2,5,NA
"8104",121673,4,NA,NA,NA,7
"8105",121674,1,12,2,5,NA
"8106",121675,1,40,NA,5,NA
"8107",121676,1,30,1,1,NA
"8108",121678,1,40,NA,3,NA
"8109",121681,4,NA,NA,NA,3
"8110",121682,4,NA,NA,NA,3
"8111",121687,1,36,NA,1,NA
"8112",121688,1,40,NA,1,NA
"8113",121692,4,NA,NA,NA,4
"8114",121693,4,NA,NA,NA,3
"8115",121694,1,40,NA,1,NA
"8116",121695,1,43,NA,1,NA
"8117",121696,1,40,NA,5,NA
"8118",121697,4,NA,NA,NA,3
"8119",121699,1,24,2,1,NA
"8120",121700,1,50,NA,1,NA
"8121",121701,1,25,2,3,NA
"8122",121702,3,NA,NA,NA,NA
"8123",121705,1,24,1,3,NA
"8124",121707,4,NA,NA,NA,2
"8125",121708,4,NA,NA,NA,3
"8126",121710,1,40,NA,2,NA
"8127",121711,1,35,NA,5,NA
"8128",121714,1,30,1,3,NA
"8129",121716,4,NA,NA,NA,3
"8130",121719,1,40,NA,5,NA
"8131",121720,4,NA,NA,NA,3
"8132",121721,4,NA,NA,NA,4
"8133",121722,4,NA,NA,NA,3
"8134",121726,4,NA,NA,NA,3
"8135",121727,1,40,NA,1,NA
"8136",121728,4,NA,NA,NA,4
"8137",121730,4,NA,NA,NA,4
"8138",121731,1,20,2,5,NA
"8139",121733,4,NA,NA,NA,1
"8140",121735,4,NA,NA,NA,3
"8141",121737,1,35,NA,5,NA
"8142",121738,4,NA,NA,NA,1
"8143",121741,4,NA,NA,NA,3
"8144",121744,2,NA,1,3,NA
"8145",121746,4,NA,NA,NA,3
"8146",121747,1,9,2,5,NA
"8147",121750,1,30,1,5,NA
"8148",121751,4,NA,NA,NA,7
"8149",121753,1,58,NA,3,NA
"8150",121754,4,NA,NA,NA,2
"8151",121758,1,46,NA,2,NA
"8152",121761,1,40,NA,5,NA
"8153",121762,1,38,NA,1,NA
"8154",121763,1,30,1,2,NA
"8155",121764,1,50,NA,2,NA
"8156",121767,4,NA,NA,NA,3
"8157",121771,1,40,NA,1,NA
"8158",121773,1,60,NA,1,NA
"8159",121774,4,NA,NA,NA,3
"8160",121775,1,40,NA,1,NA
"8161",121776,4,NA,NA,NA,1
"8162",121777,4,NA,NA,NA,2
"8163",121778,1,40,NA,5,NA
"8164",121779,4,NA,NA,NA,7
"8165",121780,4,NA,NA,NA,4
"8166",121781,1,20,2,5,NA
"8167",121782,1,20,1,5,NA
"8168",121783,4,NA,NA,NA,3
"8169",121784,4,NA,NA,NA,3
"8170",121785,4,NA,NA,NA,3
"8171",121786,1,35,NA,5,NA
"8172",121789,1,80,NA,5,NA
"8173",121791,1,60,NA,1,NA
"8174",121793,1,40,NA,5,NA
"8175",121794,1,50,NA,5,NA
"8176",121796,1,56,NA,2,NA
"8177",121799,2,NA,1,1,NA
"8178",121804,1,32,2,3,NA
"8179",121807,4,NA,NA,NA,7
"8180",121808,4,NA,NA,NA,7
"8181",121809,4,NA,NA,NA,1
"8182",121810,1,35,NA,3,NA
"8183",121812,4,NA,NA,NA,1
"8184",121813,1,40,NA,3,NA
"8185",121814,4,NA,NA,NA,1
"8186",121816,4,NA,NA,NA,3
"8187",121817,4,NA,NA,NA,7
"8188",121818,1,40,NA,2,NA
"8189",121821,4,NA,NA,NA,7
"8190",121822,4,NA,NA,NA,3
"8191",121824,1,73,NA,5,NA
"8192",121825,4,NA,NA,NA,2
"8193",121826,1,30,1,5,NA
"8194",121827,4,NA,NA,NA,3
"8195",121828,3,NA,NA,NA,NA
"8196",121830,4,NA,NA,NA,3
"8197",121831,4,NA,NA,NA,3
"8198",121832,4,NA,NA,NA,2
"8199",121833,1,40,NA,1,NA
"8200",121834,1,55,NA,5,NA
"8201",121835,4,NA,NA,NA,3
"8202",121836,1,40,NA,5,NA
"8203",121838,1,80,NA,5,NA
"8204",121839,4,NA,NA,NA,3
"8205",121840,4,NA,NA,NA,3
"8206",121841,4,NA,NA,NA,1
"8207",121842,1,24,2,5,NA
"8208",121843,4,NA,NA,NA,2
"8209",121844,4,NA,NA,NA,3
"8210",121845,4,NA,NA,NA,7
"8211",121846,1,45,NA,1,NA
"8212",121847,4,NA,NA,NA,3
"8213",121848,1,8,2,2,NA
"8214",121849,4,NA,NA,NA,3
"8215",121850,1,18,2,5,NA
"8216",121851,1,40,NA,1,NA
"8217",121852,1,35,NA,1,NA
"8218",121854,1,20,2,5,NA
"8219",121855,1,12,1,3,NA
"8220",121858,1,50,NA,5,NA
"8221",121864,2,NA,2,2,NA
"8222",121865,1,72,NA,5,NA
"8223",121866,1,44,NA,5,NA
"8224",121867,4,NA,NA,NA,3
"8225",121868,1,50,NA,1,NA
"8226",121871,1,40,NA,2,NA
"8227",121872,4,NA,NA,NA,3
"8228",121873,4,NA,NA,NA,3
"8229",121874,1,40,NA,1,NA
"8230",121875,4,NA,NA,NA,7
"8231",121876,1,40,NA,1,NA
"8232",121877,3,NA,NA,NA,NA
"8233",121878,4,NA,NA,NA,3
"8234",121882,1,40,NA,3,NA
"8235",121883,1,24,2,1,NA
"8236",121885,1,30,2,2,NA
"8237",121887,1,40,NA,5,NA
"8238",121888,1,16,2,1,NA
"8239",121891,4,NA,NA,NA,4
"8240",121892,1,50,NA,1,NA
"8241",121893,1,45,NA,1,NA
"8242",121894,4,NA,NA,NA,7
"8243",121895,1,65,NA,5,NA
"8244",121896,4,NA,NA,NA,3
"8245",121897,4,NA,NA,NA,2
"8246",121898,3,NA,NA,NA,NA
"8247",121899,4,NA,NA,NA,4
"8248",121901,4,NA,NA,NA,3
"8249",121902,3,NA,NA,NA,NA
"8250",121905,1,45,NA,1,NA
"8251",121906,4,NA,NA,NA,7
"8252",121907,1,10,2,5,NA
"8253",121908,4,NA,NA,NA,2
"8254",121910,4,NA,NA,NA,3
"8255",121911,4,NA,NA,NA,3
"8256",121913,4,NA,NA,NA,1
"8257",121917,1,60,NA,3,NA
"8258",121918,4,NA,NA,NA,3
"8259",121919,3,NA,NA,NA,NA
"8260",121920,1,40,NA,3,NA
"8261",121921,1,24,2,1,NA
"8262",121922,2,NA,1,1,NA
"8263",121923,4,NA,NA,NA,7
"8264",121924,1,10,2,3,NA
"8265",121925,1,50,NA,3,NA
"8266",121926,4,NA,NA,NA,2
"8267",121927,4,NA,NA,NA,3
"8268",121928,2,NA,1,1,NA
"8269",121929,4,NA,NA,NA,4
"8270",121931,1,60,NA,5,NA
"8271",121932,1,40,NA,2,NA
"8272",121936,1,35,NA,5,NA
"8273",121937,1,46,NA,2,NA
"8274",121938,4,NA,NA,NA,1
"8275",121941,4,NA,NA,NA,4
"8276",121942,3,NA,NA,NA,NA
"8277",121943,1,63,NA,5,NA
"8278",121944,4,NA,NA,NA,1
"8279",121945,4,NA,NA,NA,3
"8280",121948,4,NA,NA,NA,7
"8281",121949,4,NA,NA,NA,3
"8282",121950,4,NA,NA,NA,1
"8283",121951,1,40,NA,3,NA
"8284",121956,4,NA,NA,NA,2
"8285",121958,1,63,NA,5,NA
"8286",121961,1,50,NA,1,NA
"8287",121962,1,40,NA,2,NA
"8288",121964,4,NA,NA,NA,3
"8289",121965,1,39,NA,5,NA
"8290",121967,4,NA,NA,NA,3
"8291",121968,4,NA,NA,NA,3
"8292",121970,1,40,NA,2,NA
"8293",121971,4,NA,NA,NA,4
"8294",121972,1,36,NA,2,NA
"8295",121974,4,NA,NA,NA,3
"8296",121975,4,NA,NA,NA,4
"8297",121976,4,NA,NA,NA,1
"8298",121977,1,45,NA,2,NA
"8299",121978,1,40,NA,3,NA
"8300",121979,1,33,2,1,NA
"8301",121981,4,NA,NA,NA,3
"8302",121982,1,40,NA,2,NA
"8303",121983,1,40,NA,1,NA
"8304",121984,1,60,NA,5,NA
"8305",121985,1,25,2,3,NA
"8306",121987,1,50,NA,3,NA
"8307",121988,4,NA,NA,NA,7
"8308",121989,1,40,NA,1,NA
"8309",121990,4,NA,NA,NA,4
"8310",121991,1,41,NA,5,NA
"8311",121993,4,NA,NA,NA,3
"8312",121994,4,NA,NA,NA,3
"8313",121995,4,NA,NA,NA,1
"8314",121997,1,40,NA,1,NA
"8315",121998,4,NA,NA,NA,2
"8316",122000,4,NA,NA,NA,3
"8317",122001,1,38,NA,5,NA
"8318",122004,1,40,NA,1,NA
"8319",122005,1,20,1,5,NA
"8320",122007,4,NA,NA,NA,2
"8321",122011,3,NA,NA,NA,NA
"8322",122012,1,42,NA,1,NA
"8323",122013,4,NA,NA,NA,3
"8324",122014,4,NA,NA,NA,2
"8325",122015,1,42,NA,5,NA
"8326",122018,1,40,NA,1,NA
"8327",122019,4,NA,NA,NA,4
"8328",122021,1,40,NA,2,NA
"8329",122022,1,24,1,1,NA
"8330",122023,1,54,NA,1,NA
"8331",122025,4,NA,NA,NA,3
"8332",122028,1,70,NA,5,NA
"8333",122029,1,80,NA,5,NA
"8334",122030,4,NA,NA,NA,1
"8335",122032,4,NA,NA,NA,2
"8336",122033,1,60,NA,5,NA
"8337",122034,1,30,1,5,NA
"8338",122035,2,NA,2,3,NA
"8339",122036,4,NA,NA,NA,3
"8340",122037,4,NA,NA,NA,3
"8341",122038,4,NA,NA,NA,3
"8342",122039,1,45,NA,1,NA
"8343",122041,4,NA,NA,NA,7
"8344",122043,1,5,2,2,NA
"8345",122044,4,NA,NA,NA,2
"8346",122047,1,40,NA,1,NA
"8347",122048,4,NA,NA,NA,4
"8348",122049,4,NA,NA,NA,2
"8349",122050,1,16,1,2,NA
"8350",122052,1,42,NA,5,NA
"8351",122053,1,36,NA,5,NA
"8352",122054,1,50,NA,5,NA
"8353",122056,4,NA,NA,NA,1
"8354",122058,4,NA,NA,NA,3
"8355",122061,1,8,2,5,NA
"8356",122062,4,NA,NA,NA,7
"8357",122063,1,42,NA,5,NA
"8358",122064,3,NA,NA,NA,NA
"8359",122067,4,NA,NA,NA,4
"8360",122070,3,NA,NA,NA,NA
"8361",122074,4,NA,NA,NA,3
"8362",122076,3,NA,NA,NA,NA
"8363",122077,1,45,NA,2,NA
"8364",122078,4,NA,NA,NA,3
"8365",122079,1,40,NA,3,NA
"8366",122080,3,NA,NA,NA,NA
"8367",122081,4,NA,NA,NA,3
"8368",122083,1,32,1,1,NA
"8369",122088,4,NA,NA,NA,3
"8370",122089,4,NA,NA,NA,3
"8371",122090,4,NA,NA,NA,4
"8372",122091,4,NA,NA,NA,7
"8373",122093,1,50,NA,3,NA
"8374",122094,4,NA,NA,NA,4
"8375",122095,1,50,NA,5,NA
"8376",122096,1,40,NA,1,NA
"8377",122097,1,44,NA,1,NA
"8378",122098,3,NA,NA,NA,NA
"8379",122099,1,40,NA,5,NA
"8380",122101,1,40,NA,1,NA
"8381",122102,1,60,NA,5,NA
"8382",122105,1,40,NA,1,NA
"8383",122107,4,NA,NA,NA,1
"8384",122108,4,NA,NA,NA,3
"8385",122110,4,NA,NA,NA,4
"8386",122111,1,40,NA,1,NA
"8387",122112,1,36,NA,3,NA
"8388",122113,2,NA,1,1,NA
"8389",122115,1,50,NA,3,NA
"8390",122116,1,45,NA,1,NA
"8391",122118,1,36,NA,5,NA
"8392",122121,1,40,NA,1,NA
"8393",122124,4,NA,NA,NA,2
"8394",122126,4,NA,NA,NA,4
"8395",122127,4,NA,NA,NA,7
"8396",122128,1,40,NA,1,NA
"8397",122129,4,NA,NA,NA,3
"8398",122130,1,10,2,2,NA
"8399",122134,4,NA,NA,NA,3
"8400",122135,3,NA,NA,NA,NA
"8401",122136,4,NA,NA,NA,7
"8402",122138,4,NA,NA,NA,3
"8403",122139,4,NA,NA,NA,3
"8404",122140,4,NA,NA,NA,4
"8405",122143,1,35,NA,2,NA
"8406",122144,4,NA,NA,NA,3
"8407",122145,4,NA,NA,NA,2
"8408",122146,1,48,NA,2,NA
"8409",122149,4,NA,NA,NA,7
"8410",122150,1,40,NA,1,NA
"8411",122152,4,NA,NA,NA,1
"8412",122153,4,NA,NA,NA,3
"8413",122154,4,NA,NA,NA,3
"8414",122156,4,NA,NA,NA,4
"8415",122158,1,30,2,3,NA
"8416",122159,4,NA,NA,NA,4
"8417",122163,1,40,NA,5,NA
"8418",122164,4,NA,NA,NA,1
"8419",122166,4,NA,NA,NA,3
"8420",122168,1,50,NA,3,NA
"8421",122169,4,NA,NA,NA,4
"8422",122171,4,NA,NA,NA,4
"8423",122175,4,NA,NA,NA,4
"8424",122178,1,40,NA,1,NA
"8425",122179,4,NA,NA,NA,2
"8426",122180,4,NA,NA,NA,1
"8427",122184,1,40,NA,2,NA
"8428",122185,4,NA,NA,NA,3
"8429",122187,4,NA,NA,NA,3
"8430",122188,4,NA,NA,NA,1
"8431",122189,4,NA,NA,NA,3
"8432",122192,1,37,NA,1,NA
"8433",122193,2,NA,1,1,NA
"8434",122195,1,40,NA,2,NA
"8435",122196,4,NA,NA,NA,1
"8436",122197,3,NA,NA,NA,NA
"8437",122198,1,8,2,5,NA
"8438",122199,4,NA,NA,NA,4
"8439",122201,1,40,NA,2,NA
"8440",122202,2,NA,1,1,NA
"8441",122203,1,30,1,1,NA
"8442",122204,1,40,NA,1,NA
"8443",122205,4,NA,NA,NA,2
"8444",122207,1,40,NA,1,NA
"8445",122208,1,37,NA,5,NA
"8446",122209,1,38,NA,1,NA
"8447",122210,3,NA,NA,NA,NA
"8448",122212,2,NA,2,5,NA
"8449",122213,1,36,NA,1,NA
"8450",122214,3,NA,NA,NA,NA
"8451",122215,1,16,2,1,NA
"8452",122216,1,62,NA,5,NA
"8453",122217,1,45,NA,1,NA
"8454",122218,1,37,NA,1,NA
"8455",122219,4,NA,NA,NA,7
"8456",122222,1,36,NA,2,NA
"8457",122223,1,30,1,1,NA
"8458",122224,4,NA,NA,NA,2
"8459",122226,4,NA,NA,NA,2
"8460",122227,4,NA,NA,NA,7
"8461",122229,4,NA,NA,NA,3
"8462",122231,4,NA,NA,NA,4
"8463",122233,1,56,NA,5,NA
"8464",122234,1,16,2,5,NA
"8465",122235,1,42,NA,3,NA
"8466",122236,3,NA,NA,NA,NA
"8467",122237,4,NA,NA,NA,3
"8468",122238,1,24,2,1,NA
"8469",122239,1,35,NA,1,NA
"8470",122240,4,NA,NA,NA,3
"8471",122241,1,40,NA,5,NA
"8472",122244,4,NA,NA,NA,7
"8473",122245,4,NA,NA,NA,4
"8474",122246,4,NA,NA,NA,3
"8475",122249,1,40,NA,1,NA
"8476",122250,4,NA,NA,NA,3
"8477",122251,1,12,1,5,NA
"8478",122252,4,NA,NA,NA,3
"8479",122253,4,NA,NA,NA,2
"8480",122254,1,30,1,5,NA
"8481",122255,4,NA,NA,NA,3
"8482",122257,4,NA,NA,NA,2
"8483",122258,1,30,1,3,NA
"8484",122259,4,NA,NA,NA,2
"8485",122260,1,40,NA,3,NA
"8486",122263,1,40,NA,5,NA
"8487",122264,1,12,2,5,NA
"8488",122265,1,6,2,3,NA
"8489",122266,2,NA,1,5,NA
"8490",122267,1,35,NA,1,NA
"8491",122268,4,NA,NA,NA,1
"8492",122269,4,NA,NA,NA,3
"8493",122270,1,13,2,2,NA
"8494",122271,1,48,NA,3,NA
"8495",122272,1,50,NA,1,NA
"8496",122274,1,20,2,5,NA
"8497",122276,4,NA,NA,NA,1
"8498",122278,1,27,2,1,NA
"8499",122279,4,NA,NA,NA,2
"8500",122282,1,40,NA,1,NA
"8501",122283,1,55,NA,5,NA
"8502",122286,4,NA,NA,NA,3
"8503",122287,1,36,NA,1,NA
"8504",122289,1,41,NA,1,NA
"8505",122290,4,NA,NA,NA,7
"8506",122291,4,NA,NA,NA,3
"8507",122292,3,NA,NA,NA,NA
"8508",122293,1,25,1,5,NA
"8509",122294,2,NA,1,5,NA
"8510",122295,4,NA,NA,NA,3
"8511",122296,1,40,NA,1,NA
"8512",122297,1,55,NA,5,NA
"8513",122299,4,NA,NA,NA,2
"8514",122300,1,35,NA,5,NA
"8515",122301,1,40,NA,1,NA
"8516",122302,1,60,NA,1,NA
"8517",122303,3,NA,NA,NA,NA
"8518",122304,1,60,NA,2,NA
"8519",122305,1,30,2,3,NA
"8520",122306,4,NA,NA,NA,4
"8521",122309,1,30,2,1,NA
"8522",122310,1,40,NA,3,NA
"8523",122311,4,NA,NA,NA,2
"8524",122314,4,NA,NA,NA,3
"8525",122315,4,NA,NA,NA,3
"8526",122318,1,43,NA,2,NA
"8527",122319,1,40,NA,2,NA
"8528",122321,4,NA,NA,NA,3
"8529",122322,4,NA,NA,NA,1
"8530",122323,1,60,NA,5,NA
"8531",122324,1,20,2,5,NA
"8532",122325,1,54,NA,5,NA
"8533",122328,4,NA,NA,NA,4
"8534",122330,1,37,NA,5,NA
"8535",122333,4,NA,NA,NA,1
"8536",122334,4,NA,NA,NA,1
"8537",122335,1,80,NA,5,NA
"8538",122337,4,NA,NA,NA,4
"8539",122338,4,NA,NA,NA,1
"8540",122339,4,NA,NA,NA,3
"8541",122340,4,NA,NA,NA,1
"8542",122342,4,NA,NA,NA,4
"8543",122343,4,NA,NA,NA,3
"8544",122346,1,40,NA,1,NA
"8545",122348,1,56,NA,3,NA
"8546",122350,1,40,NA,1,NA
"8547",122351,1,40,NA,1,NA
"8548",122353,4,NA,NA,NA,3
"8549",122354,4,NA,NA,NA,3
"8550",122355,4,NA,NA,NA,3
"8551",122356,1,10,2,5,NA
"8552",122357,4,NA,NA,NA,4
"8553",122358,3,NA,NA,NA,NA
"8554",122359,1,80,NA,1,NA
"8555",122360,1,30,2,1,NA
"8556",122361,1,47,NA,1,NA
"8557",122363,1,25,2,1,NA
"8558",122364,1,40,NA,1,NA
"8559",122366,1,40,NA,2,NA
"8560",122367,1,37,NA,5,NA
"8561",122369,1,33,2,3,NA
"8562",122370,1,10,2,5,NA
"8563",122371,1,30,1,5,NA
"8564",122373,4,NA,NA,NA,4
"8565",122375,1,40,NA,1,NA
"8566",122376,4,NA,NA,NA,3
"8567",122378,1,18,2,5,NA
"8568",122379,1,40,NA,1,NA
"8569",122383,4,NA,NA,NA,1
"8570",122384,1,60,NA,2,NA
"8571",122385,4,NA,NA,NA,1
"8572",122387,1,50,NA,3,NA
"8573",122389,1,33,1,5,NA
"8574",122390,3,NA,NA,NA,NA
"8575",122392,1,40,NA,1,NA
"8576",122393,1,20,2,5,NA
"8577",122394,4,NA,NA,NA,3
"8578",122395,1,40,NA,1,NA
"8579",122396,3,NA,NA,NA,NA
"8580",122399,4,NA,NA,NA,3
"8581",122400,1,40,NA,3,NA
"8582",122401,1,42,NA,5,NA
"8583",122404,4,NA,NA,NA,2
"8584",122405,1,35,NA,1,NA
"8585",122407,3,NA,NA,NA,NA
"8586",122408,4,NA,NA,NA,2
"8587",122409,4,NA,NA,NA,4
"8588",122412,1,52,NA,1,NA
"8589",122414,1,30,1,5,NA
"8590",122415,4,NA,NA,NA,4
"8591",122416,1,44,NA,1,NA
"8592",122417,1,40,NA,5,NA
"8593",122418,4,NA,NA,NA,3
"8594",122419,1,38,NA,5,NA
"8595",122420,1,35,NA,1,NA
"8596",122421,1,20,2,2,NA
"8597",122423,1,40,NA,1,NA
"8598",122424,1,40,NA,1,NA
"8599",122425,4,NA,NA,NA,3
"8600",122428,4,NA,NA,NA,3
"8601",122430,4,NA,NA,NA,2
"8602",122431,1,48,NA,5,NA
"8603",122432,4,NA,NA,NA,2
"8604",122433,1,16,2,5,NA
"8605",122434,4,NA,NA,NA,3
"8606",122435,1,50,NA,2,NA
"8607",122436,1,20,2,5,NA
"8608",122438,1,40,NA,1,NA
"8609",122439,1,80,NA,5,NA
"8610",122440,4,NA,NA,NA,3
"8611",122442,1,29,2,2,NA
"8612",122443,1,40,NA,5,NA
"8613",122447,4,NA,NA,NA,7
"8614",122448,1,50,NA,1,NA
"8615",122449,1,40,NA,1,NA
"8616",122451,1,36,NA,1,NA
"8617",122453,1,50,NA,3,NA
"8618",122454,1,40,NA,1,NA
"8619",122456,1,40,NA,1,NA
"8620",122458,4,NA,NA,NA,4
"8621",122459,1,48,NA,5,NA
"8622",122460,4,NA,NA,NA,7
"8623",122462,2,NA,2,1,NA
"8624",122463,1,58,NA,5,NA
"8625",122466,1,12,2,2,NA
"8626",122468,1,32,1,3,NA
"8627",122470,4,NA,NA,NA,3
"8628",122472,1,60,NA,1,NA
"8629",122473,4,NA,NA,NA,3
"8630",122474,1,44,NA,5,NA
"8631",122475,4,NA,NA,NA,3
"8632",122476,1,41,NA,1,NA
"8633",122477,4,NA,NA,NA,4
"8634",122478,1,40,NA,1,NA
"8635",122479,4,NA,NA,NA,2
"8636",122481,4,NA,NA,NA,2
"8637",122482,1,35,NA,1,NA
"8638",122484,1,16,2,2,NA
"8639",122487,1,15,2,5,NA
"8640",122489,1,50,NA,5,NA
"8641",122490,1,40,NA,5,NA
"8642",122492,4,NA,NA,NA,3
"8643",122493,4,NA,NA,NA,4
"8644",122496,4,NA,NA,NA,3
"8645",122497,1,36,NA,1,NA
"8646",122499,4,NA,NA,NA,4
"8647",122500,1,15,1,1,NA
"8648",122501,1,46,NA,1,NA
"8649",122502,4,NA,NA,NA,1
"8650",122503,4,NA,NA,NA,1
"8651",122504,1,6,1,3,NA
"8652",122505,4,NA,NA,NA,3
"8653",122506,4,NA,NA,NA,3
"8654",122509,1,52,NA,1,NA
"8655",122511,4,NA,NA,NA,4
"8656",122512,1,20,2,2,NA
"8657",122513,4,NA,NA,NA,1
"8658",122514,1,28,2,5,NA
"8659",122516,4,NA,NA,NA,1
"8660",122517,4,NA,NA,NA,3
"8661",122520,1,40,NA,1,NA
"8662",122522,1,35,NA,5,NA
"8663",122524,1,24,2,2,NA
"8664",122525,1,44,NA,2,NA
"8665",122526,4,NA,NA,NA,7
"8666",122528,1,32,1,5,NA
"8667",122533,3,NA,NA,NA,NA
"8668",122534,4,NA,NA,NA,4
"8669",122535,1,19,1,2,NA
"8670",122536,1,40,NA,5,NA
"8671",122537,1,44,NA,1,NA
"8672",122538,3,NA,NA,NA,NA
"8673",122539,3,NA,NA,NA,NA
"8674",122540,1,50,NA,5,NA
"8675",122541,1,8,2,5,NA
"8676",122543,1,40,NA,5,NA
"8677",122546,1,50,NA,1,NA
"8678",122549,4,NA,NA,NA,7
"8679",122550,4,NA,NA,NA,4
"8680",122552,4,NA,NA,NA,4
"8681",122555,4,NA,NA,NA,1
"8682",122556,1,45,NA,1,NA
"8683",122557,4,NA,NA,NA,4
"8684",122558,4,NA,NA,NA,2
"8685",122559,4,NA,NA,NA,1
"8686",122560,4,NA,NA,NA,3
"8687",122562,1,50,NA,1,NA
"8688",122563,1,56,NA,2,NA
"8689",122564,4,NA,NA,NA,4
"8690",122565,4,NA,NA,NA,3
"8691",122567,4,NA,NA,NA,3
"8692",122569,1,10,2,5,NA
"8693",122570,1,70,NA,5,NA
"8694",122571,4,NA,NA,NA,4
"8695",122572,4,NA,NA,NA,7
"8696",122573,1,12,2,2,NA
"8697",122574,1,20,1,5,NA
"8698",122575,1,32,1,5,NA
"8699",122576,4,NA,NA,NA,1
"8700",122578,1,40,NA,1,NA
"8701",122581,1,40,NA,1,NA
"8702",122582,4,NA,NA,NA,1
"8703",122584,4,NA,NA,NA,3
"8704",122585,1,16,2,1,NA
"8705",122586,1,20,2,5,NA
"8706",122587,1,26,2,5,NA
"8707",122592,1,36,NA,3,NA
"8708",122594,4,NA,NA,NA,4
"8709",122595,1,40,NA,1,NA
"8710",122596,4,NA,NA,NA,4
"8711",122597,1,40,NA,1,NA
"8712",122598,1,48,NA,5,NA
"8713",122599,1,40,NA,3,NA
"8714",122600,4,NA,NA,NA,4
"8715",122601,4,NA,NA,NA,3
"8716",122602,1,60,NA,2,NA
"8717",122607,4,NA,NA,NA,2
"8718",122608,4,NA,NA,NA,7
"8719",122609,1,10,2,1,NA
"8720",122611,1,48,NA,1,NA
"8721",122612,4,NA,NA,NA,3
"8722",122613,4,NA,NA,NA,7
"8723",122615,4,NA,NA,NA,3
"8724",122616,1,65,NA,5,NA
"8725",122617,1,20,2,2,NA
"8726",122619,1,25,2,5,NA
"8727",122621,4,NA,NA,NA,3
"8728",122622,1,27,1,5,NA
"8729",122624,4,NA,NA,NA,3
"8730",122625,4,NA,NA,NA,4
"8731",122626,2,NA,2,1,NA
"8732",122627,4,NA,NA,NA,7
"8733",122629,4,NA,NA,NA,3
"8734",122630,1,45,NA,1,NA
"8735",122631,4,NA,NA,NA,4
"8736",122634,3,NA,NA,NA,NA
"8737",122636,1,38,NA,5,NA
"8738",122637,1,35,NA,5,NA
"8739",122638,4,NA,NA,NA,4
"8740",122639,1,32,1,5,NA
"8741",122640,4,NA,NA,NA,7
"8742",122643,1,50,NA,1,NA
"8743",122644,1,50,NA,5,NA
"8744",122647,4,NA,NA,NA,3
"8745",122649,4,NA,NA,NA,3
"8746",122651,1,28,1,3,NA
"8747",122652,4,NA,NA,NA,3
"8748",122653,1,30,2,1,NA
"8749",122654,1,40,NA,2,NA
"8750",122655,1,10,2,2,NA
"8751",122656,3,NA,NA,NA,NA
"8752",122657,1,40,NA,3,NA
"8753",122659,1,40,NA,1,NA
"8754",122660,1,12,2,5,NA
"8755",122662,1,48,NA,5,NA
"8756",122663,1,40,NA,5,NA
"8757",122664,1,40,NA,3,NA
"8758",122665,4,NA,NA,NA,3
"8759",122667,4,NA,NA,NA,2
"8760",122670,4,NA,NA,NA,3
"8761",122672,2,NA,1,5,NA
"8762",122673,4,NA,NA,NA,4
"8763",122675,4,NA,NA,NA,3
"8764",122676,1,70,NA,5,NA
"8765",122678,4,NA,NA,NA,4
"8766",122681,1,40,NA,3,NA
"8767",122683,4,NA,NA,NA,4
"8768",122684,1,40,NA,3,NA
"8769",122685,1,40,NA,1,NA
"8770",122686,1,45,NA,1,NA
"8771",122687,1,8,2,5,NA
"8772",122689,1,40,NA,3,NA
"8773",122690,1,28,2,5,NA
"8774",122691,1,42,NA,1,NA
"8775",122692,1,55,NA,1,NA
"8776",122694,4,NA,NA,NA,3
"8777",122696,4,NA,NA,NA,4
"8778",122698,1,80,NA,5,NA
"8779",122699,1,50,NA,3,NA
"8780",122700,1,40,NA,1,NA
"8781",122701,3,NA,NA,NA,NA
"8782",122703,1,37,NA,5,NA
"8783",122704,1,40,NA,5,NA
"8784",122707,1,80,NA,5,NA
"8785",122709,1,40,NA,2,NA
"8786",122713,1,48,NA,1,NA
"8787",122715,1,40,NA,1,NA
"8788",122717,1,40,NA,3,NA
"8789",122718,1,70,NA,3,NA
"8790",122719,4,NA,NA,NA,3
"8791",122720,1,40,NA,3,NA
"8792",122721,4,NA,NA,NA,3
"8793",122722,1,35,NA,5,NA
"8794",122724,1,40,NA,1,NA
"8795",122725,1,36,NA,3,NA
"8796",122729,1,30,1,5,NA
"8797",122730,4,NA,NA,NA,3
"8798",122731,1,60,NA,5,NA
"8799",122732,1,50,NA,5,NA
"8800",122734,4,NA,NA,NA,4
"8801",122736,4,NA,NA,NA,4
"8802",122737,3,NA,NA,NA,NA
"8803",122740,1,40,NA,2,NA
"8804",122741,4,NA,NA,NA,3
"8805",122742,1,52,NA,3,NA
"8806",122743,4,NA,NA,NA,3
"8807",122744,1,40,NA,1,NA
"8808",122745,1,35,NA,5,NA
"8809",122746,1,40,NA,5,NA
"8810",122747,4,NA,NA,NA,4
"8811",122748,4,NA,NA,NA,2
"8812",122749,1,9,2,5,NA
"8813",122752,1,40,NA,1,NA
"8814",122753,4,NA,NA,NA,3
"8815",122759,1,40,NA,1,NA
"8816",122760,1,40,NA,1,NA
"8817",122762,4,NA,NA,NA,3
"8818",122763,4,NA,NA,NA,3
"8819",122764,1,40,NA,3,NA
"8820",122765,1,50,NA,1,NA
"8821",122766,1,24,2,2,NA
"8822",122768,1,39,NA,5,NA
"8823",122769,1,48,NA,5,NA
"8824",122770,4,NA,NA,NA,3
"8825",122771,1,30,2,2,NA
"8826",122772,3,NA,NA,NA,NA
"8827",122774,4,NA,NA,NA,3
"8828",122775,4,NA,NA,NA,2
"8829",122776,1,50,NA,5,NA
"8830",122777,1,48,NA,5,NA
"8831",122779,1,34,1,5,NA
"8832",122780,4,NA,NA,NA,3
"8833",122781,4,NA,NA,NA,3
"8834",122783,4,NA,NA,NA,3
"8835",122784,1,60,NA,5,NA
"8836",122785,1,40,NA,3,NA
"8837",122786,1,45,NA,1,NA
"8838",122787,4,NA,NA,NA,4
"8839",122789,1,40,NA,1,NA
"8840",122790,1,30,2,1,NA
"8841",122791,1,80,NA,5,NA
"8842",122792,1,10,2,5,NA
"8843",122795,1,40,NA,5,NA
"8844",122796,1,15,2,1,NA
"8845",122800,4,NA,NA,NA,1
"8846",122801,3,NA,NA,NA,NA
"8847",122802,1,24,1,5,NA
"8848",122803,4,NA,NA,NA,4
"8849",122804,4,NA,NA,NA,2
"8850",122806,2,NA,2,5,NA
"8851",122807,1,40,NA,5,NA
"8852",122811,4,NA,NA,NA,3
"8853",122812,1,60,NA,5,NA
"8854",122813,4,NA,NA,NA,3
"8855",122814,1,40,NA,1,NA
"8856",122816,1,40,NA,1,NA
"8857",122818,3,NA,NA,NA,NA
"8858",122820,1,40,NA,3,NA
"8859",122821,1,30,1,5,NA
"8860",122822,1,45,NA,1,NA
"8861",122824,1,38,NA,3,NA
"8862",122825,4,NA,NA,NA,2
"8863",122826,3,NA,NA,NA,NA
"8864",122827,1,48,NA,1,NA
"8865",122828,3,NA,NA,NA,NA
"8866",122829,4,NA,NA,NA,7
"8867",122830,4,NA,NA,NA,4
"8868",122832,4,NA,NA,NA,3
"8869",122833,1,20,2,2,NA
"8870",122834,1,25,2,2,NA
"8871",122838,4,NA,NA,NA,4
"8872",122839,1,35,NA,5,NA
"8873",122840,1,50,NA,1,NA
"8874",122842,4,NA,NA,NA,7
"8875",122843,4,NA,NA,NA,3
"8876",122844,4,NA,NA,NA,3
"8877",122845,1,70,NA,5,NA
"8878",122846,4,NA,NA,NA,1
"8879",122848,4,NA,NA,NA,3
"8880",122849,4,NA,NA,NA,3
"8881",122851,1,40,NA,3,NA
"8882",122852,1,50,NA,5,NA
"8883",122855,1,40,NA,1,NA
"8884",122856,4,NA,NA,NA,3
"8885",122859,1,40,NA,1,NA
"8886",122864,1,9,2,5,NA
"8887",122867,1,30,2,3,NA
"8888",122870,4,NA,NA,NA,1
"8889",122871,1,40,NA,5,NA
"8890",122874,1,24,2,2,NA
"8891",122876,1,5,2,3,NA
"8892",122878,4,NA,NA,NA,3
"8893",122880,4,NA,NA,NA,4
"8894",122881,4,NA,NA,NA,4
"8895",122883,4,NA,NA,NA,1
"8896",122884,4,NA,NA,NA,2
"8897",122885,1,40,NA,1,NA
"8898",122886,1,33,1,1,NA
"8899",122888,2,NA,2,5,NA
"8900",122889,4,NA,NA,NA,1
"8901",122890,1,53,NA,1,NA
"8902",122893,1,35,NA,5,NA
"8903",122894,1,48,NA,5,NA
"8904",122895,4,NA,NA,NA,3
"8905",122896,4,NA,NA,NA,3
"8906",122898,4,NA,NA,NA,3
"8907",122899,1,10,2,5,NA
"8908",122900,3,NA,NA,NA,NA
"8909",122901,1,48,NA,5,NA
"8910",122902,4,NA,NA,NA,4
"8911",122905,1,50,NA,5,NA
"8912",122906,4,NA,NA,NA,1
"8913",122909,1,60,NA,5,NA
"8914",122910,4,NA,NA,NA,2
"8915",122911,4,NA,NA,NA,1
"8916",122912,1,40,NA,1,NA
"8917",122913,1,40,NA,1,NA
"8918",122914,3,NA,NA,NA,NA
"8919",122915,1,52,NA,5,NA
"8920",122916,4,NA,NA,NA,2
"8921",122919,1,48,NA,1,NA
"8922",122921,4,NA,NA,NA,3
"8923",122922,4,NA,NA,NA,3
"8924",122923,1,39,NA,5,NA
"8925",122924,1,40,NA,2,NA
"8926",122925,4,NA,NA,NA,3
"8927",122926,4,NA,NA,NA,7
"8928",122928,1,16,2,1,NA
"8929",122929,4,NA,NA,NA,1
"8930",122930,4,NA,NA,NA,3
"8931",122931,1,25,2,1,NA
"8932",122932,1,50,NA,5,NA
"8933",122933,4,NA,NA,NA,3
"8934",122934,1,40,NA,3,NA
"8935",122936,4,NA,NA,NA,3
"8936",122937,1,50,NA,3,NA
"8937",122938,4,NA,NA,NA,7
"8938",122939,1,40,NA,1,NA
"8939",122940,1,40,NA,5,NA
"8940",122941,1,55,NA,1,NA
"8941",122943,4,NA,NA,NA,4
"8942",122945,4,NA,NA,NA,4
"8943",122946,4,NA,NA,NA,1
"8944",122949,1,8,1,2,NA
"8945",122950,4,NA,NA,NA,4
"8946",122951,1,45,NA,1,NA
"8947",122952,1,40,NA,1,NA
"8948",122953,1,5,2,5,NA
"8949",122954,1,45,NA,3,NA
"8950",122955,1,40,NA,3,NA
"8951",122956,4,NA,NA,NA,1
"8952",122959,1,40,NA,1,NA
"8953",122960,1,72,NA,5,NA
"8954",122962,1,55,NA,1,NA
"8955",122963,1,20,2,5,NA
"8956",122969,4,NA,NA,NA,7
"8957",122970,1,34,1,2,NA
"8958",122971,3,NA,NA,NA,NA
"8959",122972,1,40,NA,5,NA
"8960",122973,1,40,NA,1,NA
"8961",122974,4,NA,NA,NA,3
"8962",122975,4,NA,NA,NA,4
"8963",122977,1,50,NA,1,NA
"8964",122979,4,NA,NA,NA,4
"8965",122982,1,50,NA,3,NA
"8966",122983,4,NA,NA,NA,2
"8967",122984,1,62,NA,1,NA
"8968",122985,4,NA,NA,NA,2
"8969",122987,1,35,NA,5,NA
"8970",122988,1,40,NA,1,NA
"8971",122991,4,NA,NA,NA,3
"8972",122992,4,NA,NA,NA,4
"8973",122993,1,32,1,2,NA
"8974",122995,1,40,NA,1,NA
"8975",122996,1,55,NA,2,NA
"8976",122997,4,NA,NA,NA,2
"8977",122998,1,35,NA,5,NA
"8978",123002,4,NA,NA,NA,3
"8979",123003,1,55,NA,3,NA
"8980",123004,2,NA,1,5,NA
"8981",123005,4,NA,NA,NA,7
"8982",123007,1,55,NA,5,NA
"8983",123008,3,NA,NA,NA,NA
"8984",123009,1,46,NA,1,NA
"8985",123010,1,40,NA,1,NA
"8986",123011,1,10,2,5,NA
"8987",123013,4,NA,NA,NA,3
"8988",123015,1,40,NA,1,NA
"8989",123016,1,40,NA,1,NA
"8990",123019,4,NA,NA,NA,2
"8991",123021,1,56,NA,3,NA
"8992",123023,1,40,NA,2,NA
"8993",123024,4,NA,NA,NA,3
"8994",123025,4,NA,NA,NA,3
"8995",123026,4,NA,NA,NA,1
"8996",123029,1,44,NA,5,NA
"8997",123031,1,18,2,5,NA
"8998",123032,4,NA,NA,NA,3
"8999",123033,4,NA,NA,NA,1
"9000",123035,1,15,2,5,NA
"9001",123036,4,NA,NA,NA,2
"9002",123037,1,25,1,1,NA
"9003",123038,4,NA,NA,NA,3
"9004",123040,4,NA,NA,NA,3
"9005",123041,1,34,2,5,NA
"9006",123042,1,48,NA,1,NA
"9007",123043,4,NA,NA,NA,1
"9008",123045,4,NA,NA,NA,3
"9009",123047,1,56,NA,3,NA
"9010",123048,1,32,2,5,NA
"9011",123049,1,60,NA,5,NA
"9012",123050,4,NA,NA,NA,4
"9013",123052,1,38,NA,1,NA
"9014",123053,1,56,NA,1,NA
"9015",123054,1,15,2,5,NA
"9016",123055,4,NA,NA,NA,3
"9017",123059,4,NA,NA,NA,3
"9018",123063,4,NA,NA,NA,3
"9019",123064,4,NA,NA,NA,7
"9020",123066,1,60,NA,5,NA
"9021",123068,4,NA,NA,NA,1
"9022",123069,4,NA,NA,NA,7
"9023",123070,1,46,NA,5,NA
"9024",123073,4,NA,NA,NA,4
"9025",123075,1,39,NA,5,NA
"9026",123077,1,45,NA,1,NA
"9027",123078,1,45,NA,2,NA
"9028",123079,1,40,NA,1,NA
"9029",123082,4,NA,NA,NA,1
"9030",123083,4,NA,NA,NA,3
"9031",123084,1,40,NA,1,NA
"9032",123085,4,NA,NA,NA,4
"9033",123087,1,36,NA,1,NA
"9034",123088,4,NA,NA,NA,3
"9035",123089,1,26,2,5,NA
"9036",123090,4,NA,NA,NA,4
"9037",123091,4,NA,NA,NA,3
"9038",123093,4,NA,NA,NA,7
"9039",123094,1,38,NA,5,NA
"9040",123096,1,32,1,1,NA
"9041",123097,1,65,NA,1,NA
"9042",123099,1,30,1,5,NA
"9043",123101,1,20,2,5,NA
"9044",123102,4,NA,NA,NA,1
"9045",123103,3,NA,NA,NA,NA
"9046",123104,1,40,NA,2,NA
"9047",123105,1,60,NA,5,NA
"9048",123107,4,NA,NA,NA,3
"9049",123108,2,NA,1,1,NA
"9050",123109,1,80,NA,3,NA
"9051",123111,4,NA,NA,NA,3
"9052",123112,4,NA,NA,NA,4
"9053",123113,1,60,NA,5,NA
"9054",123115,1,40,NA,2,NA
"9055",123116,4,NA,NA,NA,3
"9056",123118,1,6,2,5,NA
"9057",123119,1,40,NA,1,NA
"9058",123120,1,40,NA,1,NA
"9059",123121,1,20,2,5,NA
"9060",123123,4,NA,NA,NA,4
"9061",123125,1,45,NA,1,NA
"9062",123126,4,NA,NA,NA,4
"9063",123127,4,NA,NA,NA,3
"9064",123128,4,NA,NA,NA,7
"9065",123129,1,40,NA,2,NA
"9066",123130,4,NA,NA,NA,3
"9067",123132,4,NA,NA,NA,2
"9068",123133,1,99999,1,1,NA
"9069",123135,1,30,1,3,NA
"9070",123137,1,30,2,5,NA
"9071",123138,1,24,1,1,NA
"9072",123139,1,40,NA,3,NA
"9073",123141,1,30,2,5,NA
"9074",123142,1,25,2,3,NA
"9075",123145,4,NA,NA,NA,2
"9076",123146,4,NA,NA,NA,7
"9077",123149,1,40,NA,1,NA
"9078",123150,4,NA,NA,NA,2
"9079",123151,4,NA,NA,NA,1
"9080",123153,1,20,2,5,NA
"9081",123155,4,NA,NA,NA,3
"9082",123156,4,NA,NA,NA,3
"9083",123159,1,30,1,5,NA
"9084",123160,4,NA,NA,NA,4
"9085",123162,1,35,NA,5,NA
"9086",123163,1,30,1,5,NA
"9087",123164,1,40,NA,1,NA
"9088",123165,1,16,2,3,NA
"9089",123167,1,30,1,5,NA
"9090",123169,1,35,NA,1,NA
"9091",123170,4,NA,NA,NA,7
"9092",123171,4,NA,NA,NA,2
"9093",123172,4,NA,NA,NA,4
"9094",123173,4,NA,NA,NA,7
"9095",123174,3,NA,NA,NA,NA
"9096",123175,1,40,NA,1,NA
"9097",123179,1,42,NA,1,NA
"9098",123182,1,40,NA,5,NA
"9099",123183,1,40,NA,5,NA
"9100",123185,1,80,NA,5,NA
"9101",123186,1,15,1,5,NA
"9102",123187,1,40,NA,5,NA
"9103",123189,4,NA,NA,NA,2
"9104",123190,3,NA,NA,NA,NA
"9105",123191,4,NA,NA,NA,3
"9106",123193,4,NA,NA,NA,3
"9107",123196,1,35,NA,2,NA
"9108",123197,1,9,2,1,NA
"9109",123198,1,50,NA,5,NA
"9110",123199,1,20,2,3,NA
"9111",123202,4,NA,NA,NA,4
"9112",123203,1,40,NA,1,NA
"9113",123204,1,58,NA,5,NA
"9114",123205,4,NA,NA,NA,3
"9115",123210,1,40,NA,3,NA
"9116",123212,1,20,2,5,NA
"9117",123214,4,NA,NA,NA,1
"9118",123215,1,45,NA,5,NA
"9119",123216,1,40,NA,1,NA
"9120",123217,1,25,2,5,NA
"9121",123219,4,NA,NA,NA,7
"9122",123220,1,50,NA,3,NA
"9123",123221,4,NA,NA,NA,7
"9124",123222,1,25,2,3,NA
"9125",123223,1,60,NA,1,NA
"9126",123224,1,40,NA,1,NA
"9127",123226,1,50,NA,5,NA
"9128",123227,1,40,NA,2,NA
"9129",123231,4,NA,NA,NA,3
"9130",123232,2,NA,1,5,NA
"9131",123233,4,NA,NA,NA,7
"9132",123234,1,50,NA,5,NA
"9133",123235,4,NA,NA,NA,3
"9134",123237,1,26,1,5,NA
"9135",123239,1,5,1,5,NA
"9136",123240,4,NA,NA,NA,4
"9137",123241,4,NA,NA,NA,3
"9138",123243,1,44,NA,1,NA
"9139",123244,1,20,2,1,NA
"9140",123245,4,NA,NA,NA,3
"9141",123247,4,NA,NA,NA,3
"9142",123248,1,50,NA,1,NA
"9143",123249,4,NA,NA,NA,4
"9144",123251,3,NA,NA,NA,NA
"9145",123252,1,40,NA,1,NA
"9146",123253,1,40,NA,2,NA
"9147",123254,1,24,1,5,NA
"9148",123257,1,43,NA,1,NA
"9149",123258,4,NA,NA,NA,3
"9150",123260,1,37,NA,2,NA
"9151",123261,1,80,NA,3,NA
"9152",123263,1,48,NA,3,NA
"9153",123264,4,NA,NA,NA,4
"9154",123265,1,40,NA,1,NA
"9155",123266,1,50,NA,5,NA
"9156",123267,1,80,NA,3,NA
"9157",123268,4,NA,NA,NA,3
"9158",123269,1,37,NA,5,NA
"9159",123270,4,NA,NA,NA,1
"9160",123271,4,NA,NA,NA,3
"9161",123273,1,54,NA,3,NA
"9162",123274,1,40,NA,1,NA
"9163",123275,1,40,NA,2,NA
"9164",123276,4,NA,NA,NA,3
"9165",123277,4,NA,NA,NA,3
"9166",123278,1,40,NA,1,NA
"9167",123279,4,NA,NA,NA,3
"9168",123280,4,NA,NA,NA,3
"9169",123281,4,NA,NA,NA,4
"9170",123282,4,NA,NA,NA,3
"9171",123284,1,45,NA,1,NA
"9172",123286,4,NA,NA,NA,2
"9173",123287,1,40,NA,1,NA
"9174",123290,4,NA,NA,NA,7
"9175",123291,1,36,NA,5,NA
"9176",123292,1,16,2,1,NA
"9177",123294,1,40,NA,1,NA
"9178",123295,1,55,NA,1,NA
"9179",123296,4,NA,NA,NA,3
"9180",123297,4,NA,NA,NA,4
"9181",123298,4,NA,NA,NA,3
"9182",123299,1,5,2,3,NA
"9183",123301,1,32,1,5,NA
"9184",123302,1,36,NA,5,NA
"9185",123304,1,69,NA,2,NA
"9186",123306,1,47,NA,1,NA
"9187",123309,4,NA,NA,NA,3
"9188",123310,1,18,2,2,NA
"9189",123314,1,68,NA,5,NA
"9190",123315,4,NA,NA,NA,3
"9191",123316,2,NA,1,1,NA
"9192",123317,4,NA,NA,NA,3
"9193",123318,1,30,1,1,NA
"9194",123319,1,40,NA,1,NA
"9195",123320,1,20,2,1,NA
"9196",123321,3,NA,NA,NA,NA
"9197",123322,1,40,NA,5,NA
"9198",123323,1,35,NA,1,NA
"9199",123324,3,NA,NA,NA,NA
"9200",123325,1,50,NA,1,NA
"9201",123326,1,40,NA,2,NA
"9202",123327,4,NA,NA,NA,3
"9203",123328,3,NA,NA,NA,NA
"9204",123329,1,40,NA,1,NA
"9205",123330,3,NA,NA,NA,NA
"9206",123332,4,NA,NA,NA,7
"9207",123335,4,NA,NA,NA,3
"9208",123336,1,40,NA,2,NA
"9209",123337,1,38,NA,5,NA
"9210",123338,1,10,2,2,NA
"9211",123342,1,30,1,5,NA
"9212",123343,1,40,NA,3,NA
"9213",123345,1,40,NA,3,NA
"9214",123346,4,NA,NA,NA,3
"9215",123347,1,45,NA,1,NA
"9216",123349,2,NA,1,3,NA
"9217",123351,4,NA,NA,NA,4
"9218",123353,1,56,NA,3,NA
"9219",123354,1,45,NA,1,NA
"9220",123355,1,45,NA,1,NA
"9221",123356,4,NA,NA,NA,3
"9222",123357,1,60,NA,5,NA
"9223",123359,4,NA,NA,NA,7
"9224",123360,4,NA,NA,NA,3
"9225",123361,4,NA,NA,NA,7
"9226",123362,4,NA,NA,NA,4
"9227",123363,1,12,2,1,NA
"9228",123364,1,54,NA,1,NA
"9229",123366,4,NA,NA,NA,3
"9230",123367,4,NA,NA,NA,3
"9231",123369,1,27,2,3,NA
"9232",123372,1,50,NA,1,NA
"9233",123373,1,50,NA,1,NA
"9234",123374,4,NA,NA,NA,4
"9235",123375,4,NA,NA,NA,3
"9236",123378,1,40,NA,1,NA
"9237",123380,1,40,NA,5,NA
"9238",123382,4,NA,NA,NA,2
"9239",123385,3,NA,NA,NA,NA
"9240",123386,1,50,NA,1,NA
"9241",123388,4,NA,NA,NA,4
"9242",123389,4,NA,NA,NA,2
"9243",123391,1,40,NA,1,NA
"9244",123396,1,36,NA,2,NA
"9245",123399,4,NA,NA,NA,3
"9246",123400,4,NA,NA,NA,3
"9247",123401,1,40,NA,1,NA
"9248",123402,4,NA,NA,NA,3
"9249",123403,1,40,NA,2,NA
"9250",123405,1,52,NA,5,NA
"9251",123407,4,NA,NA,NA,2
"9252",123408,4,NA,NA,NA,3
"9253",123409,1,48,NA,2,NA
"9254",123411,1,45,NA,5,NA
"9255",123412,1,46,NA,5,NA
"9256",123413,1,40,NA,2,NA
"9257",123415,4,NA,NA,NA,2
"9258",123416,4,NA,NA,NA,4
"9259",123421,4,NA,NA,NA,2
"9260",123422,4,NA,NA,NA,2
"9261",123423,1,25,2,1,NA
"9262",123424,4,NA,NA,NA,3
"9263",123425,4,NA,NA,NA,7
"9264",123426,1,48,NA,5,NA
"9265",123427,1,45,NA,3,NA
"9266",123429,1,7,2,2,NA
"9267",123431,1,40,NA,1,NA
"9268",123432,4,NA,NA,NA,3
"9269",123433,1,20,1,5,NA
"9270",123434,1,40,NA,1,NA
"9271",123435,1,16,2,1,NA
"9272",123436,1,16,2,5,NA
"9273",123437,1,50,NA,1,NA
"9274",123438,1,40,NA,2,NA
"9275",123439,4,NA,NA,NA,4
"9276",123440,1,27,2,1,NA
"9277",123441,1,60,NA,5,NA
"9278",123445,1,35,NA,5,NA
"9279",123446,1,40,NA,1,NA
"9280",123447,1,16,1,1,NA
"9281",123452,4,NA,NA,NA,3
"9282",123453,1,40,NA,5,NA
"9283",123454,1,36,NA,5,NA
"9284",123458,4,NA,NA,NA,2
"9285",123460,1,48,NA,5,NA
"9286",123461,2,NA,2,5,NA
"9287",123463,1,65,NA,5,NA
"9288",123464,4,NA,NA,NA,3
"9289",123465,1,35,NA,1,NA
"9290",123466,1,40,NA,5,NA
"9291",123467,4,NA,NA,NA,3
"9292",123468,4,NA,NA,NA,7
"9293",123472,1,45,NA,5,NA
"9294",123474,1,38,NA,5,NA
"9295",123475,1,40,NA,1,NA
"9296",123476,1,38,NA,3,NA
"9297",123477,4,NA,NA,NA,4
"9298",123478,1,32,1,5,NA
"9299",123479,1,50,NA,5,NA
"9300",123481,1,25,2,2,NA
"9301",123484,2,NA,2,3,NA
"9302",123485,4,NA,NA,NA,4
"9303",123488,1,37,NA,1,NA
"9304",123489,4,NA,NA,NA,3
"9305",123490,4,NA,NA,NA,3
"9306",123492,1,24,2,5,NA
"9307",123493,1,40,NA,1,NA
"9308",123494,1,10,1,5,NA
"9309",123495,4,NA,NA,NA,2
"9310",123496,4,NA,NA,NA,3
"9311",123497,1,15,2,2,NA
"9312",123498,1,54,NA,1,NA
"9313",123502,4,NA,NA,NA,3
"9314",123503,1,40,NA,1,NA
"9315",123504,1,50,NA,1,NA
"9316",123505,4,NA,NA,NA,2
"9317",123506,4,NA,NA,NA,4
"9318",123507,1,32,1,5,NA
"9319",123508,1,40,NA,5,NA
"9320",123509,1,50,NA,5,NA
"9321",123510,3,NA,NA,NA,NA
"9322",123511,1,45,NA,1,NA
"9323",123512,1,40,NA,1,NA
"9324",123513,4,NA,NA,NA,1
"9325",123514,4,NA,NA,NA,1
"9326",123515,4,NA,NA,NA,4
"9327",123516,4,NA,NA,NA,3
"9328",123517,4,NA,NA,NA,4
"9329",123518,4,NA,NA,NA,3
"9330",123519,1,40,NA,3,NA
"9331",123521,1,40,NA,3,NA
"9332",123523,1,30,1,1,NA
"9333",123524,1,40,NA,1,NA
"9334",123525,1,34,1,5,NA
"9335",123526,1,7,2,3,NA
"9336",123527,2,NA,1,5,NA
"9337",123528,4,NA,NA,NA,1
"9338",123531,4,NA,NA,NA,3
"9339",123532,4,NA,NA,NA,2
"9340",123533,4,NA,NA,NA,3
"9341",123534,3,NA,NA,NA,NA
"9342",123535,1,40,NA,1,NA
"9343",123536,4,NA,NA,NA,3
"9344",123537,1,15,2,5,NA
"9345",123539,4,NA,NA,NA,3
"9346",123542,4,NA,NA,NA,4
"9347",123545,3,NA,NA,NA,NA
"9348",123546,4,NA,NA,NA,4
"9349",123548,3,NA,NA,NA,NA
"9350",123549,1,72,NA,5,NA
"9351",123551,4,NA,NA,NA,1
"9352",123552,1,55,NA,3,NA
"9353",123553,1,50,NA,5,NA
"9354",123554,1,50,NA,1,NA
"9355",123560,4,NA,NA,NA,3
"9356",123562,4,NA,NA,NA,4
"9357",123563,3,NA,NA,NA,NA
"9358",123564,1,5,1,9,NA
"9359",123566,1,35,NA,2,NA
"9360",123568,4,NA,NA,NA,3
"9361",123569,4,NA,NA,NA,3
"9362",123570,4,NA,NA,NA,3
"9363",123571,1,40,NA,1,NA
"9364",123572,4,NA,NA,NA,3
"9365",123573,3,NA,NA,NA,NA
"9366",123574,2,NA,1,1,NA
"9367",123576,1,25,1,5,NA
"9368",123577,1,36,NA,3,NA
"9369",123578,4,NA,NA,NA,3
"9370",123580,1,18,2,1,NA
"9371",123582,1,16,2,1,NA
"9372",123583,1,40,NA,1,NA
"9373",123584,4,NA,NA,NA,3
"9374",123587,1,40,NA,2,NA
"9375",123592,4,NA,NA,NA,1
"9376",123593,4,NA,NA,NA,3
"9377",123594,4,NA,NA,NA,3
"9378",123597,1,10,2,5,NA
"9379",123599,1,9,2,5,NA
"9380",123600,3,NA,NA,NA,NA
"9381",123602,4,NA,NA,NA,1
"9382",123604,4,NA,NA,NA,4
"9383",123606,4,NA,NA,NA,1
"9384",123607,1,38,NA,2,NA
"9385",123608,1,30,1,5,NA
"9386",123609,3,NA,NA,NA,NA
"9387",123610,4,NA,NA,NA,2
"9388",123614,1,40,NA,2,NA
"9389",123617,1,38,NA,3,NA
"9390",123619,1,35,NA,1,NA
"9391",123622,3,NA,NA,NA,NA
"9392",123623,4,NA,NA,NA,3
"9393",123624,4,NA,NA,NA,3
"9394",123626,4,NA,NA,NA,3
"9395",123627,1,56,NA,1,NA
"9396",123628,1,40,NA,2,NA
"9397",123632,1,36,NA,5,NA
"9398",123635,1,48,NA,2,NA
"9399",123636,1,52,NA,1,NA
"9400",123637,1,25,2,1,NA
"9401",123638,1,40,NA,2,NA
"9402",123639,4,NA,NA,NA,3
"9403",123641,1,40,NA,3,NA
"9404",123643,4,NA,NA,NA,1
"9405",123644,4,NA,NA,NA,4
"9406",123646,1,40,NA,5,NA
"9407",123647,4,NA,NA,NA,4
"9408",123648,1,40,NA,2,NA
"9409",123649,4,NA,NA,NA,3
"9410",123651,1,40,NA,1,NA
"9411",123652,4,NA,NA,NA,4
"9412",123653,1,16,2,2,NA
"9413",123654,1,46,NA,1,NA
"9414",123656,1,40,NA,3,NA
"9415",123657,3,NA,NA,NA,NA
"9416",123660,1,45,NA,1,NA
"9417",123662,1,45,NA,1,NA
"9418",123663,1,10,2,5,NA
"9419",123664,1,30,2,5,NA
"9420",123665,4,NA,NA,NA,2
"9421",123666,4,NA,NA,NA,3
"9422",123667,4,NA,NA,NA,7
"9423",123668,1,48,NA,1,NA
"9424",123669,1,28,2,1,NA
"9425",123672,1,38,NA,5,NA
"9426",123673,4,NA,NA,NA,3
"9427",123674,4,NA,NA,NA,3
"9428",123675,1,6,2,5,NA
"9429",123677,1,12,2,1,NA
"9430",123678,4,NA,NA,NA,1
"9431",123680,4,NA,NA,NA,7
"9432",123681,4,NA,NA,NA,2
"9433",123683,1,55,NA,1,NA
"9434",123685,1,50,NA,1,NA
"9435",123686,2,NA,1,1,NA
"9436",123687,4,NA,NA,NA,7
"9437",123688,1,35,NA,1,NA
"9438",123689,1,60,NA,5,NA
"9439",123692,2,NA,1,2,NA
"9440",123693,1,5,2,5,NA
"9441",123694,1,40,NA,5,NA
"9442",123695,1,40,NA,2,NA
"9443",123698,1,40,NA,3,NA
"9444",123700,4,NA,NA,NA,2
"9445",123701,2,NA,1,1,NA
"9446",123703,3,NA,NA,NA,NA
"9447",123704,4,NA,NA,NA,1
"9448",123705,4,NA,NA,NA,4
"9449",123706,1,24,2,1,NA
"9450",123709,4,NA,NA,NA,4
"9451",123711,4,NA,NA,NA,3
"9452",123712,1,55,NA,2,NA
"9453",123713,1,40,NA,1,NA
"9454",123719,3,NA,NA,NA,NA
"9455",123720,1,55,NA,2,NA
"9456",123722,4,NA,NA,NA,4
"9457",123723,1,40,NA,1,NA
"9458",123726,1,40,NA,3,NA
"9459",123728,1,65,NA,5,NA
"9460",123729,4,NA,NA,NA,3
"9461",123735,4,NA,NA,NA,4
"9462",123736,4,NA,NA,NA,7
"9463",123738,4,NA,NA,NA,4
"9464",123740,1,40,NA,3,NA
"9465",123744,1,5,2,1,NA
"9466",123745,3,NA,NA,NA,NA
"9467",123746,1,50,NA,5,NA
"9468",123748,1,39,NA,5,NA
"9469",123749,1,65,NA,5,NA
"9470",123751,4,NA,NA,NA,7
"9471",123753,4,NA,NA,NA,3
"9472",123754,4,NA,NA,NA,3
"9473",123758,4,NA,NA,NA,4
"9474",123760,1,60,NA,1,NA
"9475",123761,1,50,NA,1,NA
"9476",123762,4,NA,NA,NA,3
"9477",123763,3,NA,NA,NA,NA
"9478",123766,1,60,NA,3,NA
"9479",123767,4,NA,NA,NA,3
"9480",123769,4,NA,NA,NA,4
"9481",123770,1,40,NA,1,NA
"9482",123773,1,40,NA,5,NA
"9483",123774,1,42,NA,5,NA
"9484",123775,4,NA,NA,NA,3
"9485",123780,4,NA,NA,NA,3
"9486",123781,1,48,NA,5,NA
"9487",123782,4,NA,NA,NA,3
"9488",123783,1,21,1,3,NA
"9489",123784,4,NA,NA,NA,3
"9490",123785,4,NA,NA,NA,3
"9491",123786,1,16,9,5,NA
"9492",123787,1,50,NA,5,NA
"9493",123788,4,NA,NA,NA,3
"9494",123791,4,NA,NA,NA,3
"9495",123792,1,58,NA,5,NA
"9496",123795,1,50,NA,5,NA
"9497",123796,1,34,1,5,NA
"9498",123797,1,40,NA,1,NA
"9499",123798,1,30,1,5,NA
"9500",123799,4,NA,NA,NA,3
"9501",123800,4,NA,NA,NA,1
"9502",123801,4,NA,NA,NA,4
"9503",123802,1,45,NA,5,NA
"9504",123803,1,35,NA,3,NA
"9505",123804,4,NA,NA,NA,3
"9506",123808,1,40,NA,2,NA
"9507",123810,4,NA,NA,NA,4
"9508",123811,4,NA,NA,NA,3
"9509",123812,4,NA,NA,NA,4
"9510",123813,1,36,NA,5,NA
"9511",123815,4,NA,NA,NA,3
"9512",123819,4,NA,NA,NA,3
"9513",123821,4,NA,NA,NA,4
"9514",123822,1,50,NA,1,NA
"9515",123825,3,NA,NA,NA,NA
"9516",123827,4,NA,NA,NA,3
"9517",123830,4,NA,NA,NA,1
"9518",123833,1,40,NA,1,NA
"9519",123834,4,NA,NA,NA,4
"9520",123836,1,30,1,2,NA
"9521",123837,1,32,2,2,NA
"9522",123838,1,48,NA,2,NA
"9523",123840,1,40,NA,5,NA
"9524",123841,4,NA,NA,NA,3
"9525",123842,1,60,NA,5,NA
"9526",123843,4,NA,NA,NA,2
"9527",123844,4,NA,NA,NA,4
"9528",123845,4,NA,NA,NA,4
"9529",123846,1,52,NA,3,NA
"9530",123847,1,18,2,3,NA
"9531",123849,4,NA,NA,NA,4
"9532",123850,1,30,1,1,NA
"9533",123852,1,54,NA,1,NA
"9534",123853,4,NA,NA,NA,3
"9535",123854,4,NA,NA,NA,4
"9536",123856,1,48,NA,1,NA
"9537",123858,3,NA,NA,NA,NA
"9538",123859,1,50,NA,1,NA
"9539",123860,4,NA,NA,NA,3
"9540",123861,1,40,NA,1,NA
"9541",123862,4,NA,NA,NA,3
"9542",123863,4,NA,NA,NA,3
"9543",123866,1,45,NA,1,NA
"9544",123867,4,NA,NA,NA,3
"9545",123868,1,40,NA,5,NA
"9546",123869,1,15,2,1,NA
"9547",123870,1,38,NA,1,NA
"9548",123871,4,NA,NA,NA,4
"9549",123872,3,NA,NA,NA,NA
"9550",123873,1,16,2,5,NA
"9551",123874,1,60,NA,5,NA
"9552",123875,1,10,2,5,NA
"9553",123876,1,56,NA,2,NA
"9554",123877,1,60,NA,5,NA
"9555",123878,4,NA,NA,NA,3
"9556",123879,4,NA,NA,NA,3
"9557",123880,4,NA,NA,NA,2
"9558",123881,4,NA,NA,NA,4
"9559",123884,1,25,2,5,NA
"9560",123885,4,NA,NA,NA,3
"9561",123886,4,NA,NA,NA,3
"9562",123888,4,NA,NA,NA,2
"9563",123890,1,72,NA,1,NA
"9564",123891,4,NA,NA,NA,1
"9565",123892,1,26,2,2,NA
"9566",123893,1,57,NA,2,NA
"9567",123898,4,NA,NA,NA,4
"9568",123899,4,NA,NA,NA,4
"9569",123900,1,25,2,5,NA
"9570",123902,1,36,NA,2,NA
"9571",123903,4,NA,NA,NA,3
"9572",123904,1,30,2,5,NA
"9573",123907,1,45,NA,1,NA
"9574",123912,2,NA,2,5,NA
"9575",123913,1,60,NA,5,NA
"9576",123914,4,NA,NA,NA,3
"9577",123915,1,70,NA,1,NA
"9578",123918,1,40,NA,1,NA
"9579",123919,1,37,NA,5,NA
"9580",123920,1,52,NA,1,NA
"9581",123922,1,22,2,2,NA
"9582",123926,1,76,NA,1,NA
"9583",123927,1,25,1,5,NA
"9584",123928,1,42,NA,1,NA
"9585",123930,4,NA,NA,NA,3
"9586",123931,1,7,2,5,NA
"9587",123932,1,30,1,5,NA
"9588",123933,1,40,NA,1,NA
"9589",123934,4,NA,NA,NA,3
"9590",123935,1,40,NA,3,NA
"9591",123936,1,60,NA,5,NA
"9592",123937,2,NA,1,1,NA
"9593",123939,1,14,2,5,NA
"9594",123940,4,NA,NA,NA,4
"9595",123941,4,NA,NA,NA,3
"9596",123942,4,NA,NA,NA,4
"9597",123943,1,40,NA,1,NA
"9598",123945,1,40,NA,2,NA
"9599",123946,1,50,NA,1,NA
"9600",123947,4,NA,NA,NA,4
"9601",123948,1,80,NA,5,NA
"9602",123949,4,NA,NA,NA,3
"9603",123950,4,NA,NA,NA,77
"9604",123951,1,35,NA,1,NA
"9605",123953,1,10,1,1,NA
"9606",123956,4,NA,NA,NA,1
"9607",123959,1,40,NA,2,NA
"9608",123960,1,35,NA,3,NA
"9609",123962,4,NA,NA,NA,2
"9610",123963,4,NA,NA,NA,3
"9611",123964,1,27,2,2,NA
"9612",123965,3,NA,NA,NA,NA
"9613",123966,1,20,2,5,NA
"9614",123968,1,40,NA,1,NA
"9615",123969,1,5,2,2,NA
"9616",123970,1,40,NA,1,NA
"9617",123971,4,NA,NA,NA,3
"9618",123972,1,50,NA,3,NA
"9619",123975,1,56,NA,5,NA
"9620",123976,4,NA,NA,NA,3
"9621",123978,1,30,1,3,NA
"9622",123979,1,70,NA,5,NA
"9623",123980,1,40,NA,5,NA
"9624",123982,4,NA,NA,NA,3
"9625",123983,4,NA,NA,NA,4
"9626",123984,2,NA,2,5,NA
"9627",123986,2,NA,2,5,NA
"9628",123988,1,28,2,5,NA
"9629",123989,1,35,NA,1,NA
"9630",123992,1,25,2,1,NA
"9631",123993,4,NA,NA,NA,3
"9632",123994,4,NA,NA,NA,3
"9633",123995,1,40,NA,1,NA
"9634",123998,4,NA,NA,NA,1
"9635",123999,4,NA,NA,NA,3
"9636",124000,1,72,NA,2,NA
"9637",124002,4,NA,NA,NA,3
"9638",124003,4,NA,NA,NA,2
"9639",124004,4,NA,NA,NA,4
"9640",124007,1,40,NA,1,NA
"9641",124008,1,40,NA,1,NA
"9642",124009,1,43,NA,1,NA
"9643",124010,1,50,NA,1,NA
"9644",124011,1,40,NA,1,NA
"9645",124012,4,NA,NA,NA,1
"9646",124013,1,40,NA,1,NA
"9647",124014,4,NA,NA,NA,7
"9648",124015,1,60,NA,5,NA
"9649",124019,1,55,NA,5,NA
"9650",124020,3,NA,NA,NA,NA
"9651",124021,1,40,NA,1,NA
"9652",124024,4,NA,NA,NA,4
"9653",124025,1,40,NA,1,NA
"9654",124026,1,12,1,2,NA
"9655",124028,1,32,1,5,NA
"9656",124029,1,6,2,1,NA
"9657",124030,1,51,NA,3,NA
"9658",124034,1,40,NA,5,NA
"9659",124037,1,45,NA,5,NA
"9660",124039,1,40,NA,1,NA
"9661",124040,4,NA,NA,NA,3
"9662",124041,1,50,NA,1,NA
"9663",124042,1,33,2,3,NA
"9664",124043,4,NA,NA,NA,4
"9665",124044,4,NA,NA,NA,2
"9666",124045,4,NA,NA,NA,7
"9667",124046,4,NA,NA,NA,7
"9668",124047,1,30,2,5,NA
"9669",124048,4,NA,NA,NA,1
"9670",124050,1,30,2,5,NA
"9671",124051,1,40,NA,5,NA
"9672",124052,1,35,NA,1,NA
"9673",124053,4,NA,NA,NA,4
"9674",124054,1,80,NA,5,NA
"9675",124056,1,40,NA,1,NA
"9676",124057,1,28,1,1,NA
"9677",124058,4,NA,NA,NA,2
"9678",124059,1,28,2,2,NA
"9679",124060,2,NA,2,1,NA
"9680",124061,1,40,NA,1,NA
"9681",124062,1,54,NA,2,NA
"9682",124063,4,NA,NA,NA,4
"9683",124066,1,45,NA,3,NA
"9684",124068,1,24,2,1,NA
"9685",124069,3,NA,NA,NA,NA
"9686",124071,3,NA,NA,NA,NA
"9687",124072,4,NA,NA,NA,3
"9688",124073,1,80,NA,2,NA
"9689",124074,4,NA,NA,NA,2
"9690",124075,1,14,2,5,NA
"9691",124076,1,60,NA,1,NA
"9692",124078,1,30,1,3,NA
"9693",124080,4,NA,NA,NA,4
"9694",124081,3,NA,NA,NA,NA
"9695",124083,4,NA,NA,NA,2
"9696",124085,1,20,2,1,NA
"9697",124086,2,NA,2,5,NA
"9698",124087,1,55,NA,5,NA
"9699",124088,1,40,NA,1,NA
"9700",124089,4,NA,NA,NA,7
"9701",124090,4,NA,NA,NA,3
"9702",124091,1,70,NA,5,NA
"9703",124092,1,45,NA,1,NA
"9704",124093,4,NA,NA,NA,3
"9705",124094,1,40,NA,1,NA
"9706",124095,1,10,2,5,NA
"9707",124096,2,NA,1,3,NA
"9708",124097,3,NA,NA,NA,NA
"9709",124100,1,48,NA,3,NA
"9710",124101,4,NA,NA,NA,3
"9711",124102,4,NA,NA,NA,3
"9712",124104,1,40,NA,1,NA
"9713",124105,4,NA,NA,NA,2
"9714",124106,1,36,NA,1,NA
"9715",124107,1,28,1,1,NA
"9716",124108,1,33,1,1,NA
"9717",124109,4,NA,NA,NA,4
"9718",124110,1,33,2,5,NA
"9719",124111,3,NA,NA,NA,NA
"9720",124113,1,37,NA,1,NA
"9721",124115,1,50,NA,5,NA
"9722",124118,4,NA,NA,NA,2
"9723",124119,1,34,1,3,NA
"9724",124120,4,NA,NA,NA,3
"9725",124121,1,40,NA,5,NA
"9726",124122,1,42,NA,1,NA
"9727",124124,1,45,NA,1,NA
"9728",124125,1,30,1,5,NA
"9729",124126,2,NA,2,1,NA
"9730",124127,1,40,NA,5,NA
"9731",124128,1,40,NA,3,NA
"9732",124129,1,15,2,5,NA
"9733",124130,4,NA,NA,NA,3
"9734",124131,4,NA,NA,NA,2
"9735",124132,4,NA,NA,NA,3
"9736",124135,1,65,NA,5,NA
"9737",124136,3,NA,NA,NA,NA
"9738",124138,1,50,NA,1,NA
"9739",124139,1,15,2,2,NA
"9740",124140,1,30,2,5,NA
"9741",124141,4,NA,NA,NA,2
"9742",124142,1,40,NA,1,NA
"9743",124144,1,45,NA,1,NA
"9744",124147,4,NA,NA,NA,4
"9745",124148,1,5,2,5,NA
"9746",124149,1,54,NA,1,NA
"9747",124151,1,50,NA,5,NA
"9748",124152,1,37,NA,2,NA
"9749",124153,1,26,1,5,NA
"9750",124154,3,NA,NA,NA,NA
"9751",124156,4,NA,NA,NA,4
"9752",124157,1,30,1,1,NA
"9753",124158,1,65,NA,5,NA
"9754",124159,1,45,NA,1,NA
"9755",124160,4,NA,NA,NA,3
"9756",124161,4,NA,NA,NA,4
"9757",124163,1,40,NA,1,NA
"9758",124165,1,35,NA,1,NA
"9759",124167,4,NA,NA,NA,3
"9760",124168,1,30,2,3,NA
"9761",124169,4,NA,NA,NA,3
"9762",124170,4,NA,NA,NA,3
"9763",124172,1,40,NA,1,NA
"9764",124174,1,30,1,5,NA
"9765",124175,1,50,NA,5,NA
"9766",124176,1,40,NA,1,NA
"9767",124177,1,17,2,5,NA
"9768",124178,1,40,NA,5,NA
"9769",124179,4,NA,NA,NA,3
"9770",124180,3,NA,NA,NA,NA
"9771",124181,1,40,NA,2,NA
"9772",124182,1,40,NA,1,NA
"9773",124183,1,66,NA,5,NA
"9774",124186,4,NA,NA,NA,3
"9775",124188,1,48,NA,5,NA
"9776",124189,1,26,2,3,NA
"9777",124190,1,45,NA,3,NA
"9778",124191,1,30,1,5,NA
"9779",124194,1,48,NA,5,NA
"9780",124195,4,NA,NA,NA,4
"9781",124196,4,NA,NA,NA,3
"9782",124197,4,NA,NA,NA,3
"9783",124198,4,NA,NA,NA,4
"9784",124199,4,NA,NA,NA,3
"9785",124203,4,NA,NA,NA,3
"9786",124205,4,NA,NA,NA,4
"9787",124206,3,NA,NA,NA,NA
"9788",124207,4,NA,NA,NA,4
"9789",124208,1,6,2,3,NA
"9790",124210,4,NA,NA,NA,2
"9791",124211,1,55,NA,5,NA
"9792",124212,2,NA,1,1,NA
"9793",124215,1,70,NA,2,NA
"9794",124218,4,NA,NA,NA,4
"9795",124219,4,NA,NA,NA,3
"9796",124221,1,40,NA,3,NA
"9797",124223,4,NA,NA,NA,3
"9798",124224,4,NA,NA,NA,4
"9799",124225,1,48,NA,5,NA
"9800",124226,1,40,NA,2,NA
"9801",124228,4,NA,NA,NA,7
"9802",124231,1,40,NA,5,NA
"9803",124234,4,NA,NA,NA,2
"9804",124235,1,51,NA,1,NA
"9805",124236,3,NA,NA,NA,NA
"9806",124237,1,40,NA,1,NA
"9807",124238,1,25,2,2,NA
"9808",124239,1,20,2,1,NA
"9809",124240,1,30,2,1,NA
"9810",124241,4,NA,NA,NA,1
"9811",124242,1,36,NA,5,NA
"9812",124245,4,NA,NA,NA,3
"9813",124246,4,NA,NA,NA,4
"9814",124248,1,23,2,5,NA
"9815",124249,2,NA,1,5,NA
"9816",124251,1,80,NA,5,NA
"9817",124253,1,40,NA,3,NA
"9818",124254,1,40,NA,5,NA
"9819",124256,1,40,NA,1,NA
"9820",124257,1,32,2,3,NA
"9821",124260,1,36,NA,5,NA
"9822",124262,1,40,NA,5,NA
"9823",124264,1,40,NA,3,NA
"9824",124265,1,45,NA,1,NA
"9825",124266,4,NA,NA,NA,4
"9826",124267,1,32,2,5,NA
"9827",124270,4,NA,NA,NA,3
"9828",124271,1,20,1,1,NA
"9829",124272,4,NA,NA,NA,4
"9830",124273,1,5,2,1,NA
"9831",124274,1,35,NA,3,NA
"9832",124276,4,NA,NA,NA,1
"9833",124277,1,67,NA,3,NA
"9834",124279,4,NA,NA,NA,1
"9835",124280,4,NA,NA,NA,7
"9836",124281,1,40,NA,3,NA
"9837",124282,4,NA,NA,NA,3
"9838",124283,1,40,NA,3,NA
"9839",124284,1,45,NA,2,NA
"9840",124287,3,NA,NA,NA,NA
"9841",124288,4,NA,NA,NA,1
"9842",124289,4,NA,NA,NA,3
"9843",124290,3,NA,NA,NA,NA
"9844",124294,4,NA,NA,NA,3
"9845",124295,1,37,NA,1,NA
"9846",124296,1,40,NA,1,NA
"9847",124297,4,NA,NA,NA,1
"9848",124298,1,45,NA,3,NA
"9849",124299,1,20,1,5,NA
"9850",124300,1,45,NA,3,NA
"9851",124303,4,NA,NA,NA,3
"9852",124305,4,NA,NA,NA,2
"9853",124308,1,40,NA,3,NA
"9854",124312,1,40,NA,5,NA
"9855",124313,4,NA,NA,NA,2
"9856",124314,1,6,2,2,NA
"9857",124315,3,NA,NA,NA,NA
"9858",124317,4,NA,NA,NA,3
"9859",124318,1,10,2,2,NA
"9860",124319,4,NA,NA,NA,4
"9861",124320,1,40,NA,1,NA
"9862",124322,1,40,NA,1,NA
"9863",124323,1,45,NA,1,NA
"9864",124324,2,NA,1,5,NA
"9865",124328,1,50,NA,5,NA
"9866",124329,1,70,NA,2,NA
"9867",124330,1,48,NA,5,NA
"9868",124331,2,NA,1,3,NA
"9869",124332,1,60,NA,5,NA
"9870",124334,1,48,NA,5,NA
"9871",124335,3,NA,NA,NA,NA
"9872",124336,1,64,NA,5,NA
"9873",124337,4,NA,NA,NA,2
"9874",124338,1,15,2,1,NA
"9875",124340,1,18,2,1,NA
"9876",124342,1,40,NA,3,NA
"9877",124344,1,42,NA,1,NA
"9878",124345,1,65,NA,5,NA
"9879",124346,4,NA,NA,NA,4
"9880",124347,1,40,NA,1,NA
"9881",124348,4,NA,NA,NA,3
"9882",124349,1,40,NA,3,NA
"9883",124351,4,NA,NA,NA,3
"9884",124352,4,NA,NA,NA,4
"9885",124354,3,NA,NA,NA,NA
"9886",124355,1,40,NA,1,NA
"9887",124356,1,40,NA,5,NA
"9888",124360,4,NA,NA,NA,4
"9889",124362,1,52,NA,5,NA
"9890",124363,1,25,2,5,NA
"9891",124365,1,48,NA,5,NA
"9892",124368,2,NA,2,3,NA
"9893",124370,1,80,NA,5,NA
"9894",124372,4,NA,NA,NA,3
"9895",124373,4,NA,NA,NA,1
"9896",124374,1,40,NA,1,NA
"9897",124375,1,45,NA,1,NA
"9898",124376,1,28,2,5,NA
"9899",124377,1,40,NA,1,NA
"9900",124379,1,47,NA,1,NA
"9901",124380,1,30,2,1,NA
"9902",124381,1,40,NA,1,NA
"9903",124382,1,32,2,5,NA
"9904",124383,1,30,1,1,NA
"9905",124387,1,22,1,5,NA
"9906",124388,1,40,NA,1,NA
"9907",124390,1,40,NA,3,NA
"9908",124391,4,NA,NA,NA,3
"9909",124394,1,48,NA,3,NA
"9910",124395,1,12,2,5,NA
"9911",124396,4,NA,NA,NA,3
"9912",124397,1,40,NA,1,NA
"9913",124398,1,60,NA,5,NA
"9914",124400,1,27,2,2,NA
"9915",124401,1,50,NA,1,NA
"9916",124403,4,NA,NA,NA,4
"9917",124404,1,40,NA,1,NA
"9918",124405,1,20,2,5,NA
"9919",124406,1,42,NA,1,NA
"9920",124408,1,25,1,5,NA
"9921",124409,4,NA,NA,NA,4
"9922",124411,1,40,NA,3,NA
"9923",124412,4,NA,NA,NA,4
"9924",124413,1,40,NA,3,NA
"9925",124414,4,NA,NA,NA,4
"9926",124415,4,NA,NA,NA,3
"9927",124417,1,40,NA,1,NA
"9928",124418,4,NA,NA,NA,3
"9929",124419,4,NA,NA,NA,3
"9930",124420,4,NA,NA,NA,3
"9931",124421,3,NA,NA,NA,NA
"9932",124422,4,NA,NA,NA,7
"9933",124423,1,45,NA,1,NA
"9934",124424,4,NA,NA,NA,4
"9935",124426,4,NA,NA,NA,3
"9936",124428,1,37,NA,1,NA
"9937",124429,4,NA,NA,NA,3
"9938",124433,1,40,NA,5,NA
"9939",124434,1,50,NA,1,NA
"9940",124435,4,NA,NA,NA,3
"9941",124436,4,NA,NA,NA,3
"9942",124437,4,NA,NA,NA,3
"9943",124438,4,NA,NA,NA,2
"9944",124441,1,10,2,2,NA
"9945",124442,4,NA,NA,NA,7
"9946",124443,1,30,1,5,NA
"9947",124448,4,NA,NA,NA,3
"9948",124450,1,45,NA,5,NA
"9949",124452,3,NA,NA,NA,NA
"9950",124453,1,40,NA,1,NA
"9951",124454,4,NA,NA,NA,3
"9952",124457,4,NA,NA,NA,3
"9953",124458,4,NA,NA,NA,4
"9954",124460,4,NA,NA,NA,1
"9955",124462,1,40,NA,1,NA
"9956",124463,1,35,NA,5,NA
"9957",124464,1,40,NA,5,NA
"9958",124466,1,60,NA,1,NA
"9959",124467,4,NA,NA,NA,7
"9960",124468,1,12,2,5,NA
"9961",124471,3,NA,NA,NA,NA
"9962",124472,4,NA,NA,NA,4
"9963",124473,4,NA,NA,NA,4
"9964",124477,4,NA,NA,NA,4
"9965",124481,1,26,2,1,NA
"9966",124482,1,9,2,5,NA
"9967",124484,1,36,NA,2,NA
"9968",124486,1,38,NA,5,NA
"9969",124488,2,NA,1,1,NA
"9970",124490,1,20,1,1,NA
"9971",124492,4,NA,NA,NA,3
"9972",124495,4,NA,NA,NA,2
"9973",124496,4,NA,NA,NA,3
"9974",124497,4,NA,NA,NA,3
"9975",124498,1,40,NA,1,NA
"9976",124500,1,20,2,1,NA
"9977",124501,4,NA,NA,NA,3
"9978",124502,4,NA,NA,NA,1
"9979",124503,4,NA,NA,NA,3
"9980",124504,4,NA,NA,NA,4
"9981",124505,4,NA,NA,NA,1
"9982",124506,4,NA,NA,NA,3
"9983",124507,1,60,NA,2,NA
"9984",124508,1,40,NA,3,NA
"9985",124509,1,24,2,5,NA
"9986",124512,4,NA,NA,NA,3
"9987",124513,4,NA,NA,NA,2
"9988",124514,1,40,NA,1,NA
"9989",124516,1,40,NA,2,NA
"9990",124517,1,35,NA,2,NA
"9991",124519,4,NA,NA,NA,1
"9992",124520,4,NA,NA,NA,3
"9993",124524,1,35,NA,2,NA
"9994",124525,4,NA,NA,NA,1
"9995",124526,1,50,NA,1,NA
"9996",124528,4,NA,NA,NA,3
"9997",124529,1,55,NA,2,NA
"9998",124531,4,NA,NA,NA,3
"9999",124533,1,25,2,2,NA
"10000",124535,1,30,1,1,NA
"10001",124536,4,NA,NA,NA,1
"10002",124539,3,NA,NA,NA,NA
"10003",124542,4,NA,NA,NA,3
"10004",124544,4,NA,NA,NA,3
"10005",124547,1,6,2,1,NA
"10006",124549,1,40,NA,3,NA
"10007",124553,4,NA,NA,NA,3
"10008",124554,1,35,NA,5,NA
"10009",124556,1,40,NA,1,NA
"10010",124557,1,48,NA,3,NA
"10011",124558,3,NA,NA,NA,NA
"10012",124559,4,NA,NA,NA,3
"10013",124561,1,34,2,1,NA
"10014",124563,1,40,NA,1,NA
"10015",124565,1,5,2,3,NA
"10016",124566,4,NA,NA,NA,3
"10017",124567,1,60,NA,5,NA
"10018",124568,1,20,1,3,NA
"10019",124569,1,40,NA,5,NA
"10020",124572,1,60,NA,5,NA
"10021",124574,4,NA,NA,NA,1
"10022",124576,1,42,NA,5,NA
"10023",124577,4,NA,NA,NA,1
"10024",124578,1,20,2,5,NA
"10025",124579,1,20,2,5,NA
"10026",124580,4,NA,NA,NA,3
"10027",124581,3,NA,NA,NA,NA
"10028",124582,1,24,2,2,NA
"10029",124583,4,NA,NA,NA,3
"10030",124586,4,NA,NA,NA,2
"10031",124587,1,43,NA,1,NA
"10032",124588,4,NA,NA,NA,3
"10033",124589,1,20,2,5,NA
"10034",124590,1,38,NA,2,NA
"10035",124592,4,NA,NA,NA,3
"10036",124593,1,20,2,5,NA
"10037",124594,1,30,2,5,NA
"10038",124596,1,53,NA,3,NA
"10039",124597,1,20,2,5,NA
"10040",124598,4,NA,NA,NA,3
"10041",124599,1,5,2,5,NA
"10042",124601,1,45,NA,1,NA
"10043",124603,1,42,NA,2,NA
"10044",124604,4,NA,NA,NA,3
"10045",124605,4,NA,NA,NA,4
"10046",124606,3,NA,NA,NA,NA
"10047",124608,1,8,2,5,NA
"10048",124609,4,NA,NA,NA,7
"10049",124610,3,NA,NA,NA,NA
"10050",124612,1,40,NA,5,NA
"10051",124614,1,45,NA,1,NA
"10052",124615,4,NA,NA,NA,4
"10053",124616,1,40,NA,3,NA
"10054",124617,4,NA,NA,NA,7
"10055",124618,1,68,NA,2,NA
"10056",124619,1,58,NA,3,NA
"10057",124620,4,NA,NA,NA,4
"10058",124621,1,44,NA,1,NA
"10059",124622,4,NA,NA,NA,4
"10060",124623,4,NA,NA,NA,2
"10061",124624,1,25,2,5,NA
"10062",124626,1,22,2,5,NA
"10063",124627,1,28,2,2,NA
"10064",124631,4,NA,NA,NA,1
"10065",124632,1,60,NA,1,NA
"10066",124633,4,NA,NA,NA,3
"10067",124636,1,30,2,5,NA
"10068",124637,1,18,2,5,NA
"10069",124638,1,40,NA,1,NA
"10070",124642,1,69,NA,2,NA
"10071",124643,1,54,NA,2,NA
"10072",124645,1,40,NA,1,NA
"10073",124647,1,40,NA,1,NA
"10074",124648,1,32,1,5,NA
"10075",124653,4,NA,NA,NA,7
"10076",124654,3,NA,NA,NA,NA
"10077",124655,1,40,NA,1,NA
"10078",124656,4,NA,NA,NA,3
"10079",124657,3,NA,NA,NA,NA
"10080",124660,1,48,NA,1,NA
"10081",124661,4,NA,NA,NA,4
"10082",124662,4,NA,NA,NA,3
"10083",124663,1,45,NA,1,NA
"10084",124665,4,NA,NA,NA,3
"10085",124667,1,18,2,5,NA
"10086",124668,4,NA,NA,NA,3
"10087",124669,1,48,NA,3,NA
"10088",124670,4,NA,NA,NA,3
"10089",124671,1,28,1,5,NA
"10090",124672,1,55,NA,2,NA
"10091",124676,1,60,NA,5,NA
"10092",124681,4,NA,NA,NA,2
"10093",124683,1,40,NA,5,NA
"10094",124684,1,40,NA,1,NA
"10095",124685,4,NA,NA,NA,4
"10096",124686,1,8,1,5,NA
"10097",124687,4,NA,NA,NA,3
"10098",124688,1,60,NA,5,NA
"10099",124689,1,24,1,5,NA
"10100",124690,1,35,NA,3,NA
"10101",124691,1,60,NA,3,NA
"10102",124697,4,NA,NA,NA,3
"10103",124698,1,20,2,5,NA
"10104",124700,3,NA,NA,NA,NA
"10105",124701,1,55,NA,1,NA
"10106",124702,1,40,NA,1,NA
"10107",124703,4,NA,NA,NA,4
"10108",124704,4,NA,NA,NA,3
"10109",124705,4,NA,NA,NA,3
"10110",124706,4,NA,NA,NA,2
"10111",124708,1,25,2,2,NA
"10112",124710,1,15,2,5,NA
"10113",124711,4,NA,NA,NA,3
"10114",124712,4,NA,NA,NA,1
"10115",124714,4,NA,NA,NA,3
"10116",124715,4,NA,NA,NA,1
"10117",124716,1,50,NA,5,NA
"10118",124717,4,NA,NA,NA,4
"10119",124718,4,NA,NA,NA,1
"10120",124720,1,50,NA,1,NA
"10121",124721,4,NA,NA,NA,3
"10122",124722,2,NA,1,1,NA
"10123",124723,1,43,NA,5,NA
"10124",124724,4,NA,NA,NA,4
"10125",124726,4,NA,NA,NA,4
"10126",124728,1,43,NA,1,NA
"10127",124730,4,NA,NA,NA,3
"10128",124731,4,NA,NA,NA,7
"10129",124732,1,60,NA,1,NA
"10130",124733,1,10,2,3,NA
"10131",124734,3,NA,NA,NA,NA
"10132",124735,2,NA,1,5,NA
"10133",124737,4,NA,NA,NA,7
"10134",124738,4,NA,NA,NA,4
"10135",124739,4,NA,NA,NA,1
"10136",124740,1,8,2,5,NA
"10137",124741,1,35,NA,5,NA
"10138",124742,4,NA,NA,NA,7
"10139",124743,1,55,NA,1,NA
"10140",124744,4,NA,NA,NA,3
"10141",124745,1,40,NA,5,NA
"10142",124746,1,45,NA,1,NA
"10143",124750,4,NA,NA,NA,3
"10144",124751,1,40,NA,3,NA
"10145",124752,1,30,1,5,NA
"10146",124753,1,50,NA,5,NA
"10147",124755,4,NA,NA,NA,3
"10148",124756,4,NA,NA,NA,3
"10149",124757,1,45,NA,5,NA
"10150",124759,1,40,NA,1,NA
"10151",124760,4,NA,NA,NA,1
"10152",124761,1,40,NA,1,NA
"10153",124762,1,40,NA,1,NA
"10154",124769,1,35,NA,1,NA
"10155",124770,1,40,NA,1,NA
"10156",124771,1,43,NA,1,NA
"10157",124772,1,60,NA,5,NA
"10158",124773,4,NA,NA,NA,2
"10159",124774,4,NA,NA,NA,7
"10160",124775,4,NA,NA,NA,1
"10161",124777,1,40,NA,1,NA
"10162",124778,1,40,NA,3,NA
"10163",124779,1,45,NA,1,NA
"10164",124780,1,16,2,5,NA
"10165",124781,1,24,2,2,NA
"10166",124783,1,40,NA,1,NA
"10167",124784,4,NA,NA,NA,3
"10168",124785,1,25,2,5,NA
"10169",124786,1,25,1,5,NA
"10170",124787,1,42,NA,1,NA
"10171",124788,1,65,NA,5,NA
"10172",124789,1,45,NA,1,NA
"10173",124791,1,42,NA,1,NA
"10174",124792,1,30,2,5,NA
"10175",124793,1,42,NA,3,NA
"10176",124794,4,NA,NA,NA,3
"10177",124796,1,16,1,1,NA
"10178",124798,4,NA,NA,NA,4
"10179",124799,4,NA,NA,NA,3
"10180",124802,2,NA,2,5,NA
"10181",124803,4,NA,NA,NA,4
"10182",124805,1,24,2,1,NA
"10183",124807,1,36,NA,1,NA
"10184",124808,1,36,NA,1,NA
"10185",124809,1,30,1,5,NA
"10186",124810,1,40,NA,1,NA
"10187",124811,4,NA,NA,NA,3
"10188",124812,3,NA,NA,NA,NA
"10189",124813,1,40,NA,1,NA
"10190",124814,1,40,NA,1,NA
"10191",124815,1,16,2,3,NA
"10192",124817,4,NA,NA,NA,4
"10193",124818,1,48,NA,1,NA
"10194",124821,1,46,NA,3,NA
"10195",124822,1,45,NA,1,NA
